tid,mjd,candid,fid,pid,diffmaglim,isdiffpos,nid,distnr,magpsf,magpsf_corr,magap,sigmapsf,sigmapsf_corr,sigmapsf_corr_ext,sigmagap,ra,dec,rb,rbversion,drb,magapbig,sigmagapbig,rfid,has_stamp,corrected,dubious,step_id_corr,phase,parent_candid,oid
ztf,58789.514594899956,1035514592415015015,1,1035514592415,20.032148,1,1035,0.65836024,18.946445,16.942408,19.0709,0.15118852,100.0,0.023872817,0.1543,187.9799339,32.5444522,0.92,t17_f5_c3,0.99991876,19.0636,0.1908,672120124.0,False,True,False,bulk_1.0.0,0.0,1.051525562415015e+18,ZTF18aaavffc
ztf,58792.5464583002,1038546452415015006,1,1038546452415,19.702108,1,1038,0.46538556,19.0216,16.953934,18.9285,0.13171026,100.0,0.019613406,0.1803,187.9799068,32.5445289,0.9728571,t17_f5_c3,0.9992682,18.9311,0.2287,672120124.0,False,True,False,bulk_1.0.0,0.0,1.048551632415015e+18,ZTF18aaavffc
ztf,58799.489756899886,1045489752415015029,2,1045489752415,19.202484,1,1045,0.5693497,18.51185,16.319372,18.4707,0.114291415,100.0,0.015171276,0.2076,187.9799005,32.5446251,0.89857143,t17_f5_c3,0.99963397,18.3393,0.2344,672120224.0,False,True,False,bulk_1.0.0,0.0,1.048551632415015e+18,ZTF18aaavffc
ztf,58802.551631900016,1048551632415015002,1,1048551632415,19.418848,1,1048,0.19279999,18.622719,16.884428,18.8047,0.103774846,100.0,0.020930331,0.2049,187.9797899,32.5445139,0.95285714,t17_f5_c3,0.99945384,18.7535,0.2488,672120124.0,False,True,False,bulk_1.0.0,0.0,1.077550312415015e+18,ZTF18aaavffc
ztf,58805.52556709992,1051525562415015007,1,1051525562415,19.63542,1,1051,0.3880824,18.891512,16.933546,18.8077,0.11569666,100.0,0.019060519,0.1592,187.979784,32.5444595,0.9557143,t17_f5_c3,0.9988389,18.7196,0.1859,672120124.0,False,True,False,bulk_1.0.0,0.0,1.079495552415015e+18,ZTF18aaavffc
ztf,58828.551076400094,1074551072415015004,1,1074551072415,19.523682,1,1074,0.039526735,19.005772,16.951563,18.9602,0.17885797,100.0,0.026966501,0.1754,187.9797681,32.5445704,0.9028571,t17_f5_c3,0.99897146,18.749,0.1833,672120124.0,False,True,False,bulk_1.0.0,0.0,1.098547412415015e+18,ZTF18aaavffc
ztf,58831.55031249998,1077550312415015004,1,1077550312415,19.498697,1,1077,0.45975956,19.10924,16.966545,19.1385,0.16933134,100.0,0.023532037,0.2159,187.9797854,32.5444356,0.87714285,t17_f5_c3,0.9875746,19.205,0.2914,672120124.0,False,True,False,bulk_1.0.0,0.0,1.098547412415015e+18,ZTF18aaavffc
ztf,58833.49555560015,1079495552415015010,2,1079495552415,19.48563,1,1079,0.39444038,18.625475,16.333788,18.7196,0.114821956,100.0,0.0139107285,0.1431,187.9798012,32.5444568,0.87,t17_f5_c3,0.99634504,18.8144,0.196,672120224.0,False,True,False,bulk_1.0.0,0.0,1.098547412415015e+18,ZTF18aaavffc
ztf,58833.571678199805,1079571672415015004,1,1079571672415,18.9851,1,1079,1.55316,19.03,,19.3601,0.264106,,,0.2885,187.980237,32.544392,0.625714,t17_f5_c3,,19.3489,0.3637,,False,False,True,bulk_1.0.0,0.0,1.098547412415015e+18,ZTF18aaavffc
ztf,58835.485393499956,1081485392415015017,2,1081485392415,19.520187,1,1081,0.7576753,18.988743,16.371851,18.8405,0.1484058,100.0,0.013325828,0.153,187.9798775,32.5443694,0.81,t17_f5_c3,0.9711216,18.7165,0.1712,672120224.0,False,True,False,bulk_1.0.0,0.0,1.098547412415015e+18,ZTF18aaavffc
ztf,58835.553379599936,1081553372415015009,1,1081553372415,19.8559,1,1081,0.135455,19.3588,16.99798,19.8119,0.224875,100.0,0.025563061,0.3184,187.979803,32.5445606,0.921429,t17_f5_c3,,19.8435,0.4137,,False,True,False,bulk_1.0.0,0.0,1.105479292415015e+18,ZTF18aaavffc
ztf,58838.49631940015,1084496312415015010,1,1084496312415,19.3548,1,1084,0.068964,19.2414,16.983976,19.0912,0.30343,100.0,0.0379393,0.2694,187.9797753,32.5445524,0.828571,t17_f5_c3,,18.9863,0.3099,,False,True,False,bulk_1.0.0,0.0,1.105479292415015e+18,ZTF18aaavffc
ztf,58846.550763899926,1092550762415015016,1,1092550762415,20.88459,1,1092,0.21071348,19.657303,17.02806,19.6814,0.13806738,100.0,0.012257284,0.1543,187.979825,32.5445455,0.9685714,t17_f5_c3,0.9999218,19.7938,0.2053,672120124.0,False,True,False,bulk_1.0.0,0.0,1.117456772415015e+18,ZTF18aaavffc
ztf,58852.54741899995,1098547412415015013,2,1098547412415,20.648539,1,1098,0.33130497,19.138939,16.38452,19.4754,0.12687151,100.0,0.010036831,0.1636,187.9798258,32.5444912,0.89,t17_f5_c3,0.99999136,19.4256,0.1865,672120224.0,False,True,False,bulk_1.0.0,0.0,1.117456772415015e+18,ZTF18aaavffc
ztf,58859.47929400019,1105479292415015004,2,1105479292415,19.826319,1,1105,0.66746545,19.157833,16.386003,19.0982,0.13947725,100.0,0.010858537,0.2179,187.9799327,32.5444621,0.93,t17_f5_c3,0.9977034,19.2772,0.3237,672120224.0,False,True,False,bulk_1.0.0,0.0,1.130477782415015e+18,ZTF18aaavffc
ztf,58866.547870399896,1112547872415015016,1,1112547872415,20.40211,1,1112,0.36546475,19.943909,17.050657,20.1724,0.17608754,100.0,0.012258236,0.3076,187.9798732,32.5445285,0.9742857,t17_f5_c3,0.9932208,20.3767,0.4594,672120124.0,False,True,False,bulk_1.0.0,0.0,1.130477782415015e+18,ZTF18aaavffc
ztf,58871.456770800054,1117456772415015015,1,1117456772415,20.488241,1,1117,0.32384786,19.412222,17.003922,19.6543,0.2120661,100.0,0.02307551,0.159,187.9797266,32.5444761,0.88857144,t17_f5_c3,0.99933195,19.5023,0.1677,672120124.0,False,True,False,bulk_1.0.0,0.0,1.130477782415015e+18,ZTF18aaavffc
ztf,58871.49971059989,1117499712415015014,2,1117499712415,20.291512,1,1117,0.2491488,19.046686,16.37693,19.0475,0.11009236,100.0,0.009415741,0.1245,187.9797944,32.544595,0.94142854,t17_f5_c3,0.99995524,19.1705,0.1688,672120224.0,False,True,False,bulk_1.0.0,0.0,1.130477782415015e+18,ZTF18aaavffc
ztf,58875.45214120019,1121452142415015023,1,1121452142415,20.684137,1,1121,0.5303076,19.396856,17.00224,19.3477,0.13049488,100.0,0.014379597,0.109,187.9798823,32.5444556,0.88,t17_f5_c3,0.9949564,19.3544,0.1308,672120124.0,False,True,False,bulk_1.0.0,0.0,1.151306502415015e+18,ZTF18aaavffc
ztf,58875.5178704001,1121517872415015030,2,1121517872415,20.636593,1,1121,0.31872523,19.064972,16.37848,19.3088,0.111051045,100.0,0.009352473,0.1347,187.9797894,32.5444679,0.9028571,t17_f5_c3,0.99998915,19.2855,0.1564,672120224.0,False,True,False,bulk_1.0.0,0.0,1.151306502415015e+18,ZTF18aaavffc
ztf,58878.36234949995,1124362342415015014,2,1124362342415,20.115536,1,1124,0.70268136,19.250792,16.392962,19.3121,0.119607314,100.0,0.008602517,0.1573,187.9799701,32.5445762,0.89,t17_f5_c3,0.99907756,19.2151,0.1747,672120224.0,False,True,False,bulk_1.0.0,0.0,1.151306502415015e+18,ZTF18aaavffc
ztf,58878.518472199794,1124518472415015017,1,1124518472415,20.441118,1,1124,0.21233012,19.52364,17.015507,19.6265,0.14885484,100.0,0.014774387,0.1575,187.9798195,32.5445338,0.9142857,t17_f5_c3,0.9590777,19.5523,0.1789,672120124.0,False,True,False,bulk_1.0.0,0.0,1.151306502415015e+18,ZTF18aaavffc
ztf,58881.483680599835,1127483682415015018,1,1127483682415,20.849161,1,1127,0.17384416,19.376366,16.999962,19.5192,0.11282683,100.0,0.012643029,0.1372,187.9798092,32.5445381,0.95428574,t17_f5_c3,0.9998152,19.331,0.1392,672120124.0,False,True,False,bulk_1.0.0,0.0,1.151306502415015e+18,ZTF18aaavffc
ztf,58881.53682869999,1127536822415015012,2,1127536822415,20.636616,1,1127,0.4359937,18.920319,16.365528,18.8901,0.10340713,100.0,0.009831826,0.0996,187.9798815,32.5445517,0.9085714,t17_f5_c3,0.9987235,18.9269,0.1233,672120224.0,False,True,False,bulk_1.0.0,0.0,1.151306502415015e+18,ZTF18aaavffc
ztf,58884.477789400145,1130477782415015015,1,1130477782415,20.2318,1,1130,0.38499054,19.541826,17.017298,19.5841,0.17993933,100.0,0.017591976,0.1634,187.9798652,32.5445037,0.88857144,t17_f5_c3,0.9988395,19.8956,0.2659,672120124.0,False,True,False,bulk_1.0.0,0.0,1.151306502415015e+18,ZTF18aaavffc
ztf,58884.51212960016,1130512122415015005,2,1130512122415,19.95238,1,1130,0.51398927,18.889877,16.362597,19.2633,0.17230277,100.0,0.016802734,0.1621,187.9796969,32.5446889,0.8542857,t17_f5_c3,0.9987917,19.197,0.1867,672120224.0,False,True,False,bulk_1.0.0,0.0,1.151306502415015e+18,ZTF18aaavffc
ztf,58887.51265050005,1133512652415015005,2,1133512652415,19.841537,1,1133,0.32287115,18.857918,16.359438,19.0444,0.124466866,100.0,0.0124641275,0.2101,187.9798388,32.54452,0.9114286,t17_f5_c3,0.99997735,19.3581,0.3537,672120224.0,False,True,False,bulk_1.0.0,0.0,1.151306502415015e+18,ZTF18aaavffc
ztf,58891.435682899784,1137435682415015009,1,1137435682415,19.600578,1,1137,0.43531275,19.417406,17.004484,19.6264,0.19289261,100.0,0.02090004,0.365,187.9797349,32.5444428,0.93142855,t17_f5_c3,0.9841717,19.5719,0.4418,672120124.0,False,True,False,bulk_1.0.0,0.0,1.151306502415015e+18,ZTF18aaavffc
ztf,58894.35883100005,1140358832415015016,1,1140358832415,20.31299,1,1140,0.121710144,19.659073,17.028217,19.9702,0.16808325,100.0,0.014899867,0.2762,187.97973,32.5445401,0.97,t17_f5_c3,0.9945748,19.7911,0.2913,672120124.0,False,True,False,bulk_1.0.0,0.0,1.151306502415015e+18,ZTF18aaavffc
ztf,58900.43513889983,1146435132415015037,2,1146435132415,20.030453,1,1146,0.2390105,18.749973,16.348131,18.9006,0.10769851,100.0,0.011788897,0.1537,187.979813,32.5445578,0.8657143,t17_f5_c3,0.99985814,18.8299,0.1777,672120224.0,False,True,False,bulk_1.0.0,0.0,1.151306502415015e+18,ZTF18aaavffc
ztf,58901.41604170017,1147416042415015019,2,1147416042415,20.732283,1,1147,0.55191445,18.935198,16.366934,18.9794,0.09027853,100.0,0.008477716,0.1011,187.9799212,32.5445475,0.9128571,t17_f5_c3,0.99999213,18.9119,0.1124,672120224.0,False,True,False,bulk_1.0.0,0.0,1.151306502415015e+18,ZTF18aaavffc
ztf,58904.434733800124,1150434732415015023,1,1150434732415,20.285162,1,1150,0.5687076,19.35423,16.99746,19.3842,0.18100554,100.0,0.02065301,0.1306,187.9795682,32.5445679,0.83285713,t17_f5_c3,0.9973657,19.4353,0.1662,672120124.0,False,True,False,bulk_1.0.0,0.0,1.151306502415015e+18,ZTF18aaavffc
ztf,58904.49319439987,1150493192415015011,2,1150493192415,20.554102,1,1150,0.24941918,18.906254,16.364183,18.986,0.11778227,100.0,0.011330563,0.1128,187.9798228,32.5445413,0.9285714,t17_f5_c3,0.9997186,18.8991,0.125,672120224.0,False,True,False,bulk_1.0.0,0.0,1.151306502415015e+18,ZTF18aaavffc
ztf,58905.306504600216,1151306502415015017,1,1151306502415,20.109955,1,1151,0.05564805,19.332869,16.995,19.4468,0.14939234,100.0,0.017345276,0.1495,187.9797574,32.5445477,0.84,t17_f5_c3,0.9985059,19.5814,0.2072,672120124.0,False,True,False,bulk_1.0.0,0.0,1.159474142415015e+18,ZTF18aaavffc
ztf,58906.35000000009,1152349992415025008,1,1152349992415,20.5623,1,1152,0.416081,19.2459,16.984539,19.2937,0.134628,100.0,0.016772239,0.1219,187.9797906,32.5444489,0.965714,t17_f5_c3,,19.395,0.1624,,False,True,False,bulk_1.0.0,0.0,1.159474142415015e+18,ZTF18aaavffc
ztf,58906.47234949982,1152472342415025015,2,1152472342415,20.3995,1,1152,0.15128,18.898,16.363386,19.0551,0.113141,100.0,0.010959081,0.1264,187.9797889,32.5445515,0.944286,t17_f5_c3,,19.091,0.1578,,False,True,False,bulk_1.0.0,0.0,1.159474142415015e+18,ZTF18aaavffc
ztf,58908.31909719994,1154319092415015018,1,1154319092415,20.68614,1,1154,0.024691084,19.234322,16.98309,19.2616,0.15599146,100.0,0.019615883,0.1186,187.9797686,32.5445673,0.93714285,t17_f5_c3,0.9996282,19.3442,0.1551,672120124.0,False,True,False,bulk_1.0.0,0.0,1.159474142415015e+18,ZTF18aaavffc
ztf,58908.31909719994,1154319092415025018,1,1154319092415,20.6861,1,1154,0.024691,19.2343,16.983086,19.2616,0.155991,100.0,0.019616157,0.1186,187.9797686,32.5445673,0.937143,t17_f5_c3,,19.3442,0.1551,,False,True,False,bulk_1.0.0,0.0,1.182285612415015e+18,ZTF18aaavffc
ztf,58908.472314800136,1154472312415015024,2,1154472312415,18.91516,1,1154,0.34384292,18.085379,16.252155,17.7906,0.13979925,100.0,0.025835441,0.1546,187.9798455,32.5445222,0.8,t17_f5_c3,0.99990857,17.7596,0.1899,672120224.0,False,True,False,bulk_1.0.0,0.0,1.159329052415015e+18,ZTF18aaavffc
ztf,58908.472314800136,1154472312415025024,2,1154472312415,18.9152,1,1154,0.343843,18.0854,16.252161,17.7906,0.139799,100.0,0.025834987,0.1546,187.9798455,32.5445222,0.8,t17_f5_c3,,17.7596,0.1899,,False,True,False,bulk_1.0.0,0.0,1.182285612415015e+18,ZTF18aaavffc
ztf,58911.404027800076,1157404022415015014,1,1157404022415,20.509836,1,1157,0.20804515,19.040783,16.95677,19.0507,0.10077206,100.0,0.014782052,0.0981,187.9798061,32.5445217,0.9714286,t17_f5_c3,0.99968517,18.9894,0.1126,672120124.0,False,True,False,bulk_1.0.0,0.0,1.159329052415015e+18,ZTF18aaavffc
ztf,58911.46607640013,1157466072415015018,2,1157466072415,20.375542,1,1157,0.26021412,18.738955,16.34692,18.7156,0.09791682,100.0,0.010815427,0.0927,187.9798138,32.5445143,0.93285716,t17_f5_c3,0.9998603,18.621,0.1028,672120224.0,False,True,False,bulk_1.0.0,0.0,1.159474142415015e+18,ZTF18aaavffc
ztf,58912.50844909996,1158508442415015013,1,1158508442415,20.61535,1,1158,0.14756909,18.786318,16.9155,18.7779,0.11276704,100.0,0.02013052,0.0813,187.9797803,32.5445241,0.9657143,t17_f5_c3,0.9999069,18.7303,0.0946,672120124.0,False,True,False,bulk_1.0.0,0.0,1.159474142415015e+18,ZTF18aaavffc
ztf,58913.32905089995,1159329052415015007,1,1159329052415,20.108528,1,1159,0.16768375,18.81019,16.919724,18.9541,0.13344926,100.0,0.023395337,0.1482,187.9798049,32.5445343,0.9114286,t17_f5_c3,0.99981403,18.9406,0.1842,672120124.0,False,True,False,bulk_1.0.0,0.0,1.159474142415015e+18,ZTF18aaavffc
ztf,58913.474143499974,1159474142415015008,2,1159474142415,20.24213,1,1159,0.28181684,18.476768,16.31465,18.5998,0.091074824,100.0,0.0124322735,0.1034,187.9798318,32.5445572,0.86714286,t17_f5_c3,0.9999999,18.6274,0.1296,672120224.0,False,True,False,bulk_1.0.0,0.0,1.161450892415015e+18,ZTF18aaavffc
ztf,58914.42890049983,1160428902415015005,1,1160428902415,19.820738,1,1160,0.20165278,18.733774,16.905931,18.5882,0.11325927,100.0,0.021034721,0.1388,187.9797765,32.544508,0.93,t17_f5_c3,0.9995876,18.7716,0.2081,672120124.0,False,True,False,bulk_1.0.0,0.0,1.161450892415015e+18,ZTF18aaavffc
ztf,58915.45089119999,1161450892415015002,1,1161450892415,19.493427,1,1161,0.25827208,18.826729,16.922604,18.9644,0.13282998,100.0,0.022995684,0.2147,187.9798367,32.5445329,0.9514286,t17_f5_c3,0.9981972,18.9188,0.2622,672120124.0,False,True,False,bulk_1.0.0,0.0,1.182285612415015e+18,ZTF18aaavffc
ztf,58936.28561339993,1182285612415015015,1,1182285612415,20.851818,1,1182,0.2573503,19.274809,16.988098,19.2057,0.10410301,100.0,0.01267007,0.1079,187.9797619,32.544491,0.94714284,t17_f5_c3,0.99900913,19.1533,0.1239,672120124.0,False,True,False,bulk_1.0.0,0.0,1.211282512415015e+18,ZTF18aaavffc
ztf,58939.34094909998,1185340942415015010,1,1185340942415,20.26286,1,1185,0.21851999,19.499557,17.013092,19.4186,0.15899682,100.0,0.01609912,0.1972,187.9798022,32.5445162,0.9071429,t17_f5_c3,0.9994516,19.4842,0.2597,672120124.0,False,True,False,bulk_1.0.0,0.0,1.214249182415015e+18,ZTF18aaavffc
ztf,58965.28251159983,1211282512415015017,2,1211282512415,20.640106,1,1211,0.2310155,19.207638,16.3898,19.1918,0.11613208,100.0,0.008665963,0.1262,187.9797731,32.5446068,0.93285716,t17_f5_c3,0.9991329,19.1772,0.1485,672120224.0,False,True,False,bulk_1.0.0,0.0,1.214368902415015e+18,ZTF18aaavffc
ztf,58968.24918980012,1214249182415015016,1,1214249182415,20.806057,1,1214,0.31237015,19.665756,17.028809,19.517,0.10811648,100.0,0.009530437,0.1498,187.9797744,32.5444762,0.91714287,t17_f5_c3,0.9991779,19.6085,0.198,672120124.0,False,True,False,bulk_1.0.0,0.0,1.243248562415015e+18,ZTF18aaavffc
ztf,58968.36890049977,1214368902415015006,2,1214368902415,20.660257,1,1214,0.54693764,19.172863,16.387165,19.3224,0.09811686,100.0,0.00754162,0.1463,187.9799178,32.5445402,0.91571426,t17_f5_c3,0.99986553,19.1561,0.1505,672120224.0,False,True,False,bulk_1.0.0,0.0,1.243248562415015e+18,ZTF18aaavffc
ztf,58971.26366900001,1217263662415015014,1,1217263662415,20.0103,1,1217,0.5251079,19.814272,17.041113,19.7927,0.18672381,100.0,0.01451899,0.3204,187.9798769,32.5444544,0.97,t17_f5_c3,0.9590106,19.6268,0.3474,672120124.0,False,True,False,bulk_1.0.0,0.0,1.243248562415015e+18,ZTF18aaavffc
ztf,58971.27746530017,1217277462415015008,1,1217277462415,19.921131,1,1217,0.18995206,19.418943,17.004652,19.3817,0.15497547,100.0,0.016770506,0.22,187.9797854,32.5445145,0.96428573,t17_f5_c3,0.99542594,19.5755,0.3319,672120124.0,False,True,False,bulk_1.0.0,0.0,1.243248562415015e+18,ZTF18aaavffc
ztf,58974.20513889985,1220205132415015005,1,1220205132415,19.547256,1,1220,0.023262404,19.271973,16.987753,19.1129,0.18911238,100.0,0.02306917,0.2921,187.9797638,32.5445586,0.95428574,t17_f5_c3,0.9990577,19.1238,0.3765,672120124.0,False,True,False,bulk_1.0.0,0.0,1.243248562415015e+18,ZTF18aaavffc
ztf,58986.2043980998,1232204392415015008,1,1232204392415,20.87386,1,1232,0.27542746,19.144945,16.971437,19.1748,0.11943364,100.0,0.016133312,0.1035,187.9798015,32.5445013,0.91,t17_f5_c3,0.99910504,19.0953,0.1159,672120124.0,False,True,False,bulk_1.0.0,0.0,1.243248562415015e+18,ZTF18aaavffc
ztf,58986.25700230012,1232257002415015020,2,1232257002415,20.696177,1,1232,0.27643022,18.68048,16.340305,18.8037,0.10098333,100.0,0.0116998395,0.0912,187.9798276,32.5445423,0.7542857,t17_f5_c3,0.99987495,18.7422,0.1031,672120224.0,False,True,False,bulk_1.0.0,0.0,1.240233932415015e+18,ZTF18aaavffc
ztf,58994.23393520014,1240233932415015011,1,1240233932415,20.938278,1,1240,0.19895336,19.017096,16.953262,19.1894,0.096413456,100.0,0.01440802,0.1041,187.9797883,32.5445122,0.8814286,t17_f5_c3,0.9984281,19.1793,0.1239,672120124.0,False,True,False,bulk_1.0.0,0.0,1.263239002415015e+18,ZTF18aaavffc
ztf,58997.16547450004,1243165472415015002,1,1243165472415,20.338604,1,1243,0.19215126,19.014929,16.952938,18.7756,0.12181781,100.0,0.018235367,0.1104,187.979818,32.5445393,0.9071429,t17_f5_c3,0.9960525,18.5575,0.113,672120124.0,False,True,False,bulk_1.0.0,0.0,1.263239002415015e+18,ZTF18aaavffc
ztf,58997.167384299915,1243167382415015008,1,1243167382415,20.35387,1,1243,0.26258987,19.09428,16.964455,19.0157,0.10261817,100.0,0.0144309085,0.1296,187.979754,32.5444895,0.9742857,t17_f5_c3,0.9998435,18.9353,0.1499,672120124.0,False,True,False,bulk_1.0.0,0.0,1.263239002415015e+18,ZTF18aaavffc
ztf,58997.24856479978,1243248562415015005,2,1243248562415,20.604687,1,1243,0.31254286,18.80647,16.354176,18.823,0.093924455,100.0,0.009814323,0.0983,187.9798391,32.5445368,0.9014286,t17_f5_c3,0.9993511,18.7705,0.1128,672120224.0,False,True,False,bulk_1.0.0,0.0,1.263239002415015e+18,ZTF18aaavffc
ztf,59000.23175929999,1246231752415015013,1,1246231752415,19.765873,1,1246,0.07229903,19.214293,16.98055,19.237,0.1549731,100.0,0.019804293,0.2151,187.9797329,32.5445592,0.96428573,t17_f5_c3,0.999181,19.1608,0.2539,672120124.0,False,True,False,bulk_1.0.0,0.0,1.263239002415015e+18,ZTF18aaavffc
ztf,59004.194583300035,1250194582415015007,1,1250194582415,19.62579,1,1250,0.1741374,18.935081,16.940605,19.0573,0.12657313,100.0,0.02016281,0.2446,187.9797583,32.5445143,0.9614286,t17_f5_c3,0.99917245,18.7751,0.2405,672120124.0,False,True,False,bulk_1.0.0,0.0,1.263239002415015e+18,ZTF18aaavffc
ztf,59004.23585649999,1250235852415015007,2,1250235852415,19.7856,1,1250,0.08336542,18.554846,16.324982,18.8391,0.08033206,100.0,0.010302518,0.1832,187.9797557,32.5445617,0.9128571,t17_f5_c3,0.99973905,18.9779,0.2625,672120224.0,False,True,False,bulk_1.0.0,0.0,1.263239002415015e+18,ZTF18aaavffc
ztf,59009.173726900015,1255173722415015016,2,1255173722415,20.181591,1,1255,0.2920516,18.47705,16.314688,18.5763,0.08820706,100.0,0.012038103,0.0851,187.9798339,32.5445531,0.93285716,t17_f5_c3,0.99999756,18.5106,0.0978,672120224.0,False,True,False,bulk_1.0.0,0.0,1.282199032415015e+18,ZTF18aaavffc
ztf,59009.245231499895,1255245232415015011,1,1255245232415,20.240503,1,1255,0.39012554,18.978867,16.947462,18.9705,0.10950364,100.0,0.016860371,0.0996,187.9798597,32.544495,0.92285717,t17_f5_c3,0.9996761,18.9855,0.1239,672120124.0,False,True,False,bulk_1.0.0,0.0,1.282199032415015e+18,ZTF18aaavffc
ztf,59012.20167820016,1258201672415015014,1,1258201672415,20.936481,1,1258,0.19183402,19.003698,16.95125,19.1548,0.09672496,100.0,0.014606933,0.0994,187.9798008,32.5445258,0.82714283,t17_f5_c3,0.99948865,19.1819,0.1227,672120124.0,False,True,False,bulk_1.0.0,0.0,1.282199032415015e+18,ZTF18aaavffc
ztf,59017.23900459986,1263239002415015010,2,1263239002415,20.742796,1,1263,0.29676735,18.693333,16.341785,18.663,0.082636185,100.0,0.009474398,0.0755,187.9798343,32.5445566,0.91571426,t17_f5_c3,0.99999905,18.5549,0.0811,672120224.0,False,True,False,bulk_1.0.0,0.0,1.282199032415015e+18,ZTF18aaavffc
ztf,59020.201539400034,1266201532415015014,1,1266201532415,20.872393,1,1266,0.2107299,19.021166,16.953869,18.984,0.090565264,100.0,0.013490968,0.0864,187.9797751,32.5445054,0.93,t17_f5_c3,0.99988765,18.9697,0.1024,672120124.0,False,True,False,bulk_1.0.0,0.0,1.282199032415015e+18,ZTF18aaavffc
ztf,59020.24582180008,1266245822415015006,2,1266245822415,20.525423,1,1266,0.061214305,18.49656,16.31733,18.7177,0.08833076,100.0,0.011869162,0.0909,187.9797221,32.5445588,0.9242857,t17_f5_c3,0.99982077,18.6823,0.1056,672120224.0,False,True,False,bulk_1.0.0,0.0,1.282199032415015e+18,ZTF18aaavffc
ztf,59023.21815969981,1269218152415015009,1,1269218152415,20.781696,1,1269,0.17507719,18.646393,16.889162,18.7044,0.07586694,100.0,0.01503697,0.0718,187.9797813,32.5445205,0.95857143,t17_f5_c3,0.9997385,18.7052,0.0868,672120124.0,False,True,False,bulk_1.0.0,0.0,1.282199032415015e+18,ZTF18aaavffc
ztf,59026.218645799905,1272218642415015015,1,1272218642415,20.25439,1,1272,0.10775105,18.390484,16.83342,18.3812,0.06429227,100.0,0.0153226275,0.077,187.9797347,32.5445504,0.9557143,t17_f5_c3,0.99986875,18.4119,0.0983,672120124.0,False,True,False,bulk_1.0.0,0.0,1.282199032415015e+18,ZTF18aaavffc
ztf,59029.241111100186,1275241112415015003,1,1275241112415,19.362518,1,1275,0.6329591,18.619625,16.883804,18.6289,0.128266,100.0,0.025928847,0.1282,187.9799457,32.5444818,0.5742857,t17_f5_c3,0.99180895,18.5023,0.1444,672120124.0,False,True,False,bulk_1.0.0,0.0,1.282199032415015e+18,ZTF18aaavffc
ztf,59032.198958300054,1278198952415015003,1,1278198952415,19.557756,1,1278,0.18834497,18.59827,16.879454,18.4558,0.09945148,100.0,0.020421349,0.1237,187.9798005,32.5445243,0.9557143,t17_f5_c3,0.9874574,18.2696,0.1323,672120124.0,False,True,False,bulk_1.0.0,0.0,1.282199032415015e+18,ZTF18aaavffc
ztf,59036.19903940009,1282199032415015002,1,1282199032415,19.751196,1,1282,0.27219692,18.805815,16.918955,18.9278,0.12268026,100.0,0.02157897,0.1921,187.979846,32.5445454,0.95857143,t17_f5_c3,0.99981326,19.0363,0.2698,672120124.0,False,True,False,bulk_1.0.0,0.0,1.288227372415015e+18,ZTF18aaavffc
ztf,59036.2573958002,1282257392415015007,2,1282257392415,19.415833,1,1282,0.6784872,18.329464,16.293324,18.6325,0.100372836,100.0,0.015387221,0.1869,187.9799611,32.5445303,0.9071429,t17_f5_c3,0.99986434,18.7638,0.2673,672120224.0,False,True,False,bulk_1.0.0,0.0,1.288227372415015e+18,ZTF18aaavffc
ztf,59039.177789399866,1285177782415015011,1,1285177782415,20.420147,1,1285,0.22151491,18.768345,16.91227,18.7934,0.071235046,100.0,0.012890316,0.1021,187.9797639,32.5445012,0.94,t17_f5_c3,0.9999393,18.785,0.1257,672120124.0,False,True,False,bulk_1.0.0,0.0,1.288227372415015e+18,ZTF18aaavffc
ztf,59039.21604169998,1285216042415015012,2,1285216042415,20.533031,1,1285,0.2306705,18.388296,16.30214,18.5466,0.08045186,100.0,0.011778043,0.08,187.9798142,32.5445394,0.7785714,t17_f5_c3,0.99992824,18.555,0.0974,672120224.0,False,True,False,bulk_1.0.0,0.0,1.288227372415015e+18,ZTF18aaavffc
ztf,59042.22737269988,1288227372415015004,2,1288227372415,20.16452,1,1288,0.24012113,18.47314,16.314154,18.5578,0.09038952,100.0,0.0123743685,0.104,187.979778,32.5444885,0.94,t17_f5_c3,0.99999464,18.5278,0.125,672120224.0,False,True,False,bulk_1.0.0,0.0,1.291206802415015e+18,ZTF18aaavffc
ztf,59045.20680559985,1291206802415015008,2,1291206802415,20.453457,1,1291,0.46325347,18.547237,16.324003,18.4675,0.09202885,100.0,0.011874909,0.0772,187.9798586,32.544467,0.9185714,t17_f5_c3,0.9999949,18.438,0.0913,672120224.0,False,True,False,bulk_1.0.0,0.0,1.291239492415015e+18,ZTF18aaavffc
ztf,59045.239490699954,1291239492415015004,1,1291239492415,20.081825,1,1291,0.62890977,18.942678,16.941813,19.1526,0.11913935,100.0,0.01886725,0.1567,187.9797411,32.5443924,0.9657143,t17_f5_c3,0.99982333,19.1062,0.1876,672120124.0,True,True,False,bulk_1.0.0,0.0,0.0,ZTF18aaavffc
ztf,59163.48557869997,1409485572415015003,1,1409485572415,19.76185,1,1409,0.1275269,18.205425,16.786367,18.1832,0.081114955,100.0,0.021952204,0.077,187.9797653,32.544528,0.96428573,t17_f5_c3,0.99949324,18.2489,0.1024,672120124.0,False,True,False,bulk_1.0.0,0.0,1.4385121024150152e+18,ZTF18aaavffc
ztf,59163.52572919987,1409525722415015005,2,1409525722415,20.165045,1,1409,0.19365223,17.928532,16.22141,17.8281,0.058231752,100.0,0.012086812,0.0497,187.9797817,32.544506,0.96428573,t17_f5_c3,0.9999714,17.8126,0.0602,672120224.0,False,True,False,bulk_1.0.0,0.0,1.4385121024150152e+18,ZTF18aaavffc
ztf,59165.487719899975,1411487712415015007,2,1411487712415,20.274546,1,1411,0.27920207,17.820807,16.198156,17.8552,0.05355017,100.0,0.0120143555,0.0488,187.9798261,32.5445142,0.96,t17_f5_c3,0.9999993,17.8279,0.0579,672120224.0,False,True,False,bulk_1.0.0,0.0,1.4385121024150152e+18,ZTF18aaavffc
ztf,59168.51291669998,1414512912415015004,1,1414512912415,20.411709,1,1414,0.1898994,18.151579,16.77153,18.1936,0.07698094,100.0,0.021595525,0.0526,187.9798185,32.5445475,0.96,t17_f5_c3,0.99910116,18.1794,0.0634,672120124.0,False,True,False,bulk_1.0.0,0.0,1.4385121024150152e+18,ZTF18aaavffc
ztf,59168.534895800054,1414534892415015007,2,1414534892415,20.348999,1,1414,0.14580469,17.932302,16.222193,17.9897,0.05657551,100.0,0.011710751,0.052,187.979778,32.5445259,0.91571426,t17_f5_c3,0.999999,17.9577,0.0615,672120224.0,False,True,False,bulk_1.0.0,0.0,1.4385121024150152e+18,ZTF18aaavffc
ztf,59170.4934605998,1416493462415015005,1,1416493462415,20.371523,1,1416,0.19340879,18.207567,16.786947,18.1927,0.056809776,100.0,0.015352362,0.0545,187.9797648,32.544509,0.9628571,t17_f5_c3,0.9999678,18.1654,0.0651,672120124.0,False,True,False,bulk_1.0.0,0.0,1.4464695324150152e+18,ZTF18aaavffc
ztf,59170.553946800064,1416553942415015004,2,1416553942415,20.049297,1,1416,0.13166502,17.937021,16.223167,17.9851,0.07304087,100.0,0.015066928,0.0624,187.9797763,32.5445321,0.95428574,t17_f5_c3,0.99999905,18.0026,0.0786,672120224.0,False,True,False,bulk_1.0.0,0.0,1.446529282415015e+18,ZTF18aaavffc
ztf,59173.491157399956,1419491152415025008,1,1419491152415,20.093273,1,1419,0.10565771,18.136358,16.767239,18.083,0.09965901,100.0,0.028240267,0.063,187.9797709,32.5445356,0.9685714,t17_f5_c3,0.99968636,18.0609,0.0763,672120124.0,False,True,False,bulk_1.0.0,0.0,1.446529282415015e+18,ZTF18aaavffc
ztf,59173.52634260012,1419526342415025039,2,1419526342415,19.6755,1,1419,0.30675235,17.858377,16.206472,17.8645,0.06981391,100.0,0.015246844,0.0876,187.9798385,32.5445271,0.8314286,t17_f5_c3,0.9999969,17.8992,0.113,672120224.0,False,True,False,bulk_1.0.0,0.0,1.446529282415015e+18,ZTF18aaavffc
ztf,59176.507141199894,1422507142415015006,1,1422507142415,20.35728,1,1422,0.15929537,18.031492,16.73648,18.0756,0.067762464,100.0,0.020558171,0.0439,187.9797863,32.544528,0.9657143,t17_f5_c3,0.9999426,18.0589,0.0523,672120124.0,False,True,False,bulk_1.0.0,0.0,1.446529282415015e+18,ZTF18aaavffc
ztf,59176.55969909998,1422559692415015006,2,1422559692415,19.738428,1,1422,0.29406998,17.74851,16.18151,17.7573,0.08680527,100.0,0.020499654,0.0533,187.9798315,32.5445654,0.91571426,t17_f5_c3,0.999962,17.7273,0.0643,672120224.0,False,True,False,bulk_1.0.0,0.0,1.446529282415015e+18,ZTF18aaavffc
ztf,59182.495532399975,1428495532415015006,2,1428495532415,19.558958,1,1428,0.31749156,17.649464,16.157293,17.8628,0.05975037,100.0,0.015117234,0.0749,187.9798277,32.5445896,0.9557143,t17_f5_c3,0.9999924,17.8776,0.0956,672120224.0,False,True,False,bulk_1.0.0,0.0,1.446529282415015e+18,ZTF18aaavffc
ztf,59182.5589815001,1428558982415015003,1,1428558982415,19.809645,1,1428,0.2729227,17.833069,16.672361,17.8562,0.0570952,100.0,0.019602725,0.0612,187.9797755,32.544488,0.97,t17_f5_c3,0.99989533,17.7965,0.073,672120124.0,False,True,False,bulk_1.0.0,0.0,1.446529282415015e+18,ZTF18aaavffc
ztf,59185.505370399915,1431505372415015007,1,1431505372415,19.706356,1,1431,0.1077277,17.88695,16.69056,17.9244,0.075312786,100.0,0.02502148,0.0773,187.9797866,32.5445451,0.9514286,t17_f5_c3,0.9990758,17.8991,0.0958,672120124.0,False,True,False,bulk_1.0.0,0.0,1.446529282415015e+18,ZTF18aaavffc
ztf,59185.535161999986,1431535162415015005,2,1431535162415,20.014027,1,1431,0.23981027,17.724806,16.175867,17.6906,0.05855294,100.0,0.014059602,0.0511,187.9798154,32.5445461,0.96428573,t17_f5_c3,0.9999995,17.6879,0.0634,672120224.0,False,True,False,bulk_1.0.0,0.0,1.446529282415015e+18,ZTF18aaavffc
ztf,59187.49543979997,1433495432415015003,2,1433495432415,19.287569,1,1433,0.3596808,17.669456,16.162317,17.7535,0.09379818,100.0,0.023406608,0.0583,187.9798523,32.5445228,0.67285717,t17_f5_c3,0.9997661,17.6849,0.0685,672120224.0,False,True,False,bulk_1.0.0,0.0,1.446529282415015e+18,ZTF18aaavffc
ztf,59187.53583330009,1433535832415015009,1,1433535832415,19.502474,1,1433,0.29811856,17.906893,16.697145,18.1069,0.08176773,100.0,0.026833853,0.0763,187.9798064,32.5444883,0.93142855,t17_f5_c3,0.9999591,18.1577,0.1008,672120124.0,False,True,False,bulk_1.0.0,0.0,1.446529282415015e+18,ZTF18aaavffc
ztf,59189.511701399926,1435511702415015016,1,1435511702415,19.786896,1,1435,0.060906194,17.878777,16.687838,18.0163,0.046235107,100.0,0.0154381925,0.08,187.9797672,32.5445481,0.95714283,t17_f5_c3,0.99995565,18.038,0.1031,672120124.0,False,True,False,bulk_1.0.0,0.0,1.446529282415015e+18,ZTF18aaavffc
ztf,59192.5121065001,1438512102415015055,2,1438512102415,17.751278,1,1438,0.25834814,17.10763,15.992659,17.1191,0.12513065,0.035792787,0.04481005,0.1963,187.9798086,32.5445073,0.74857146,t17_f5_c3,0.9995146,17.0477,0.2354,672120224.0,False,True,False,bulk_1.0.0,0.0,1.446529282415015e+18,ZTF18aaavffc
ztf,59192.54780089995,1438547802415015005,1,1438547802415,20.018744,1,1438,0.20301026,18.050428,16.742191,18.1507,0.07363211,100.0,0.022068467,0.0629,187.9797945,32.5445149,0.9714286,t17_f5_c3,0.99976295,18.0491,0.0714,672120124.0,False,True,False,bulk_1.0.0,0.0,1.446529282415015e+18,ZTF18aaavffc
ztf,59195.511932900175,1441511932415015008,2,1441511932415,20.049257,1,1441,0.25976884,17.790758,16.191341,17.8637,0.05285128,100.0,0.012114033,0.0484,187.9798156,32.5445168,0.96,t17_f5_c3,0.99999785,17.8933,0.0603,672120224.0,False,True,False,bulk_1.0.0,0.0,1.446529282415015e+18,ZTF18aaavffc
ztf,59195.53184030019,1441531842415015008,1,1441531842415,20.123322,1,1441,0.2903942,18.098667,16.756424,18.1753,0.088954955,100.0,0.025838852,0.0509,187.9798172,32.5444987,0.92,t17_f5_c3,0.9996074,18.1676,0.0612,672120124.0,False,True,False,bulk_1.0.0,0.0,1.446529282415015e+18,ZTF18aaavffc
ztf,59198.49175930023,1444491752415015029,2,1444491752415,20.377846,1,1444,0.29829085,17.755943,16.183262,17.7958,0.06079983,100.0,0.014283345,0.041,187.9798315,32.5445238,0.9442857,t17_f5_c3,0.99999976,17.7708,0.0483,672120224.0,False,True,False,bulk_1.0.0,0.0,1.473382242415015e+18,ZTF18aaavffc
ztf,59198.529675900005,1444529672415015006,1,1444529672415,20.545736,1,1444,0.1834104,18.025682,16.734715,18.0572,0.054429457,100.0,0.016574744,0.039,187.9797914,32.5445201,0.96428573,t17_f5_c3,0.9999342,18.0574,0.0467,672120124.0,False,True,False,bulk_1.0.0,0.0,1.465474562415015e+18,ZTF18aaavffc
ztf,59200.46953700017,1446469532415015048,1,1446469532415,19.47391,1,1446,0.17513527,17.989086,16.723438,18.1647,0.0895374,100.0,0.027909089,0.1155,187.9798009,32.5445299,0.9285714,t17_f5_c3,0.99996924,18.179,0.1474,672120124.0,False,True,False,bulk_1.0.0,0.0,1.465474562415015e+18,ZTF18aaavffc
ztf,59200.52928239992,1446529282415015018,2,1446529282415,19.72035,1,1446,0.1849423,17.70993,16.172276,17.8601,0.060485028,100.0,0.014675273,0.0731,187.9797936,32.5445311,0.96,t17_f5_c3,0.99999917,17.8509,0.0901,672120224.0,False,True,False,bulk_1.0.0,0.0,1.473382242415015e+18,ZTF18aaavffc
ztf,59203.50450230017,1449504502415015004,2,1449504502415,20.195187,1,1449,0.2724163,17.614788,16.148415,17.6299,0.07006815,100.0,0.018153956,0.0341,187.9797366,32.5444717,0.9114286,t17_f5_c3,0.9999262,17.6346,0.041,672120224.0,False,True,False,bulk_1.0.0,0.0,1.473382242415015e+18,ZTF18aaavffc
ztf,59203.53040509997,1449530402415015008,1,1449530402415,20.422314,1,1449,0.24594969,17.741093,16.639896,17.7406,0.0547066,100.0,0.019840894,0.0295,187.9797622,32.5444942,0.85571426,t17_f5_c3,0.99968004,17.7092,0.0342,672120124.0,False,True,False,bulk_1.0.0,0.0,1.473382242415015e+18,ZTF18aaavffc
ztf,59206.53965280019,1452539652415015019,1,1452539652415,18.603683,1,1452,0.17232944,17.738976,16.639128,17.9971,0.14528206,0.04429291,0.052756146,0.2248,187.979755,32.5445149,0.82,t17_f5_c3,0.9979312,17.9179,0.2661,672120124.0,False,True,False,bulk_1.0.0,0.0,1.473382242415015e+18,ZTF18aaavffc
ztf,59215.48893520003,1461488932415015005,1,1461488932415,19.3175,1,1461,0.311195,18.0408,16.739296,18.1072,0.078465,100.0,0.023663245,0.0983,187.9797821,32.5444782,0.952857,t17_f5_c3,,18.205,0.1367,,False,True,False,bulk_1.0.0,0.0,1.473382242415015e+18,ZTF18aaavffc
ztf,59217.39105319977,1463391052415015001,2,1463391052415,19.704874,1,1463,0.29457662,17.771221,16.186832,17.8116,0.07419555,100.0,0.017243372,0.0692,187.9798336,32.5445405,0.95857143,t17_f5_c3,0.99999416,17.8526,0.0902,672120224.0,False,True,False,bulk_1.0.0,0.0,1.473382242415015e+18,ZTF18aaavffc
ztf,59217.442812500056,1463442812415015003,1,1463442812415,19.671537,1,1463,0.32042775,18.223953,16.791351,18.3681,0.08012407,100.0,0.021415208,0.1085,187.9798337,32.5444998,0.9557143,t17_f5_c3,0.999359,18.3036,0.1297,672120124.0,False,True,False,bulk_1.0.0,0.0,1.473382242415015e+18,ZTF18aaavffc
ztf,59219.44252309995,1465442522415015003,1,1465442522415,19.916964,1,1465,0.14604107,18.334389,16.819786,18.1977,0.07282975,100.0,0.018049601,0.0715,187.9797695,32.5445228,0.97,t17_f5_c3,0.9998696,18.1196,0.0835,672120124.0,False,True,False,bulk_1.0.0,0.0,1.473382242415015e+18,ZTF18aaavffc
ztf,59219.47456019977,1465474562415015006,2,1465474562415,20.122555,1,1465,0.33039108,17.964005,16.22868,18.1198,0.0635396,100.0,0.012850338,0.0643,187.979845,32.5445595,0.9614286,t17_f5_c3,0.99999905,18.1389,0.0805,672120224.0,False,True,False,bulk_1.0.0,0.0,1.473382242415015e+18,ZTF18aaavffc
ztf,59221.45276620006,1467452762415015007,2,1467452762415,19.8047,1,1467,0.249388,17.9208,16.219803,17.9168,0.083314,100.0,0.01739078,0.0701,187.9798185,32.5445481,0.964286,t17_f5_c3,,17.9376,0.0891,,False,True,False,bulk_1.0.0,0.0,1.473382242415015e+18,ZTF18aaavffc
ztf,59221.47055559978,1467470552415015006,1,1467470552415,19.6095,1,1467,0.076644,18.2889,16.808332,18.398,0.087825,100.0,0.022459047,0.1266,187.9797852,32.5445516,0.952857,t17_f5_c3,,18.4569,0.1687,,False,True,False,bulk_1.0.0,0.0,1.473382242415015e+18,ZTF18aaavffc
ztf,59223.405300899874,1469405302415015010,1,1469405302415,20.332142,1,1469,0.3287533,18.325495,16.817575,18.2935,0.09575643,100.0,0.023878107,0.0506,187.9797543,32.5444709,0.92714286,t17_f5_c3,0.9994904,18.2592,0.0593,672120124.0,False,True,False,bulk_1.0.0,0.0,1.473382242415015e+18,ZTF18aaavffc
ztf,59223.4722684999,1469472262415015014,2,1469472262415,20.260305,1,1469,0.22451828,17.911654,16.217886,17.9144,0.046938352,100.0,0.009863273,0.0449,187.9798091,32.5445343,0.94142854,t17_f5_c3,0.99998945,17.9057,0.0538,672120224.0,False,True,False,bulk_1.0.0,0.0,1.473382242415015e+18,ZTF18aaavffc
ztf,59225.4678588002,1471467852415015012,1,1471467852415,20.314564,1,1471,0.15043892,18.311562,16.814083,18.3258,0.07844011,100.0,0.019749083,0.0505,187.9797703,32.5445223,0.85714287,t17_f5_c3,0.99964774,18.2795,0.0583,672120124.0,False,True,False,bulk_1.0.0,0.0,1.473382242415015e+18,ZTF18aaavffc
ztf,59225.50958329998,1471509582415015009,2,1471509582415,18.83486,1,1471,0.08396504,17.694208,16.16844,17.8658,0.094438605,100.0,0.023165544,0.0978,187.9797634,32.5445467,0.68,t17_f5_c3,0.9973916,17.8541,0.1217,672120224.0,False,True,False,bulk_1.0.0,0.0,1.473382242415015e+18,ZTF18aaavffc
ztf,59227.38224539999,1473382242415015009,2,1473382242415,20.43635,1,1473,0.34687933,17.91318,16.218206,17.8546,0.06343903,100.0,0.013315809,0.0454,187.9798462,32.5445173,0.92285717,t17_f5_c3,0.99999833,17.8207,0.053,672120224.0,True,True,False,bulk_1.0.0,0.0,0.0,ZTF18aaavffc
ztf,59227.38224539999,1473382242415025009,2,1473382242415,20.4363,1,1473,0.346879,17.9132,16.218212,17.8546,0.063439,100.0,0.013315599,0.0454,187.9798462,32.5445173,0.922857,t17_f5_c3,,17.8207,0.053,,False,True,False,bulk_1.0.0,0.0,1.477454942415015e+18,ZTF18aaavffc
ztf,59227.466527800076,1473466522415015007,1,1473466522415,20.6976,1,1473,0.208127,18.2994,16.811008,18.3449,0.048742,100.0,0.012375043,0.0529,187.9797793,32.5445103,0.962857,t17_f5_c3,,18.3442,0.0638,,False,True,False,bulk_1.0.0,0.0,1.477454942415015e+18,ZTF18aaavffc
ztf,59229.47111110017,1475471112415015002,1,1475471112415,20.022066,1,1475,0.089582324,18.281256,16.806374,18.2991,0.120466135,100.0,0.030967917,0.0476,187.9797708,32.544586,0.5657143,t17_f5_c3,0.9225478,18.2263,0.0538,672120124.0,False,True,False,bulk_1.0.0,0.0,1.477454942415015e+18,ZTF18aaavffc
ztf,59229.509664400015,1475509662415015002,2,1475509662415,19.733423,1,1475,0.61897737,17.94653,16.225122,17.9398,0.090485744,100.0,0.018536063,0.0437,187.979918,32.544627,0.49571428,t17_f5_c3,0.973756,17.9041,0.0511,672120224.0,False,True,False,bulk_1.0.0,0.0,1.477454942415015e+18,ZTF18aaavffc
ztf,59231.454942100216,1477454942415015010,1,1477454942415,20.931183,1,1477,0.11420044,18.2315,16.793364,18.2601,0.064754516,100.0,0.017219288,0.0437,187.9797598,32.5445382,0.9,t17_f5_c3,0.9999513,18.2601,0.0519,672120124.0,True,True,False,bulk_1.0.0,0.0,0.0,ZTF18aaavffc
ztf,59248.44016199978,1494440162415015008,2,1494440162415,20.455757,1,1494,0.13533343,17.608458,16.14677,17.6185,0.049680933,100.0,0.012927515,0.0366,187.9797801,32.5445406,0.87142855,t17_f5_c3,0.99999595,17.6246,0.0446,672120224.0,True,True,False,correction_0.0.1,0.0,,ZTF18aaavffc
ztf,59248.481250000186,1494481242415015008,1,1494481242415,19.971344,1,1494,0.3339464,17.833448,16.672491,17.7662,0.061644323,100.0,0.021159736,0.0435,187.9798089,32.5444793,0.9357143,t17_f5_c3,0.9982564,17.73,0.0523,672120124.0,True,True,False,correction_0.0.1,0.0,,ZTF18aaavffc
ztf,59250.359525499865,1496359522415015007,1,1496359522415,20.448057,1,1496,0.31093282,17.891684,16.692131,17.8959,0.056166533,100.0,0.018606149,0.0345,187.9798378,32.5445072,0.9442857,t17_f5_c3,0.99996376,17.9198,0.0422,672120124.0,True,True,False,correction_0.0.1,0.0,,ZTF18aaavffc
ztf,59250.38112269994,1496381122415015009,2,1496381122415,20.342146,1,1496,0.29055518,17.590143,16.141975,17.6458,0.050446562,100.0,0.013291209,0.0336,187.9798276,32.5445204,0.94,t17_f5_c3,0.9999981,17.6468,0.04,672120224.0,True,True,False,correction_0.0.1,0.0,,ZTF18aaavffc
ztf,59252.33049769979,1498330492415015005,2,1498330492415,20.724749,1,1498,0.17529406,17.685629,16.16633,17.7174,0.05091242,100.0,0.012563311,0.0335,187.9797906,32.5445313,0.9085714,t17_f5_c3,0.99998176,17.6797,0.0382,672120224.0,True,True,False,correction_0.0.1,0.0,,ZTF18aaavffc
ztf,59252.49099540012,1498490992415015017,1,1498490992415,20.939253,1,1498,0.17648813,17.883774,16.689505,17.9465,0.048062295,100.0,0.01599914,0.0328,187.9797867,32.5445183,0.9657143,t17_f5_c3,0.9999865,17.9488,0.0388,672120124.0,True,True,False,correction_0.0.1,0.0,,ZTF18aaavffc
ztf,59254.42702550022,1500427022415015034,2,1500427022415,19.782442,1,1500,0.09621467,17.376593,16.081512,17.3474,0.0615974,100.0,0.018686589,0.0503,187.9797657,32.5445418,0.92,t17_f5_c3,0.9999994,17.3065,0.0592,672120224.0,True,True,False,correction_0.0.1,0.0,,ZTF18aaavffc
ztf,59254.45753470017,1500457532415015018,1,1500457532415,20.405712,1,1500,0.13553481,17.971867,16.718042,18.0262,0.07219496,100.0,0.022749782,0.0515,187.9797914,32.5445345,0.95857143,t17_f5_c3,0.99997747,18.0258,0.062,672120124.0,True,True,False,correction_0.0.1,0.0,,ZTF18aaavffc
ztf,59256.426388899796,1502426382415015014,2,1502426382415,20.76946,1,1502,0.11334549,17.563229,16.134819,17.5774,0.05188616,100.0,0.013921557,0.0284,187.9797669,32.544528,0.9342857,t17_f5_c3,0.99989164,17.576,0.033,672120224.0,True,True,False,correction_0.0.1,0.0,,ZTF18aaavffc
ztf,59258.35347220022,1504353472415015006,2,1504353472415,20.530914,1,1504,0.2262804,17.66014,16.159985,17.6384,0.05090193,100.0,0.012784161,0.0349,187.9798107,32.5445317,0.93714285,t17_f5_c3,0.9999664,17.5944,0.04,672120224.0,True,True,False,correction_0.0.1,0.0,,ZTF18aaavffc
ztf,59258.3817592999,1504381752415015011,1,1504381752415,20.369026,1,1504,0.14216366,17.896929,16.693865,17.8932,0.063799575,100.0,0.021066504,0.0431,187.9797938,32.5445323,0.9657143,t17_f5_c3,0.9999708,17.9481,0.055,672120124.0,True,True,False,correction_0.0.1,0.0,,ZTF18aaavffc
ztf,59262.363611099776,1508363612415015019,2,1508363612415,20.510885,1,1508,0.23850921,17.57988,16.139261,17.6232,0.03977771,100.0,0.010553407,0.0317,187.9798092,32.5445218,0.94142854,t17_f5_c3,0.9999987,17.6372,0.0378,672120224.0,True,True,False,correction_0.0.1,0.0,,ZTF18aaavffc
ztf,59264.35137729999,1510351372415015010,1,1510351372415,20.8989,1,1510,0.09486941,17.880695,16.688478,17.907,0.053580716,100.0,0.017869884,0.0328,187.9797794,32.5445467,0.9614286,t17_f5_c3,0.9998336,17.8781,0.0379,672120124.0,True,True,False,correction_0.0.1,0.0,,ZTF18aaavffc
ztf,59264.37008100003,1510370082415015024,2,1510370082415,20.830456,1,1510,0.22665563,17.630173,16.15238,17.6761,0.03765256,100.0,0.009653334,0.0303,187.9798102,32.5445364,0.87285715,t17_f5_c3,0.999869,17.6424,0.0343,672120224.0,True,True,False,correction_0.0.1,0.0,,ZTF18aaavffc
ztf,59266.36403940013,1512364032415015009,2,1512364032415,19.924507,1,1512,0.24224143,17.559845,16.133911,17.5602,0.05491166,100.0,0.014766947,0.037,187.979815,32.5445336,0.9014286,t17_f5_c3,0.9999869,17.5308,0.044,672120224.0,True,True,False,correction_0.0.1,0.0,,ZTF18aaavffc
ztf,59268.37212960003,1514372122415015016,2,1514372122415,20.369081,1,1514,0.2486719,17.710428,16.172398,17.7296,0.047482602,100.0,0.011516539,0.0425,187.9798201,32.5445206,0.9342857,t17_f5_c3,0.999987,17.6883,0.0499,672120224.0,True,True,False,correction_0.0.1,0.0,,ZTF18aaavffc
ztf,59268.48848380009,1514488482415015006,1,1514488482415,20.56506,1,1514,0.17452778,18.02933,16.735825,18.0556,0.068620466,100.0,0.020847378,0.0454,187.9797964,32.5445272,0.9614286,t17_f5_c3,0.9999076,18.1107,0.0582,672120124.0,True,True,False,correction_0.0.1,0.0,,ZTF18aaavffc
ztf,59270.341550900135,1516341552415015006,2,1516341552415,19.651375,1,1516,0.17418757,17.754154,16.182842,17.8759,0.05568673,100.0,0.013098655,0.0765,187.9797849,32.5445201,0.96428573,t17_f5_c3,0.99999857,17.9764,0.1057,672120224.0,True,True,False,correction_0.0.1,0.0,,ZTF18aaavffc
ztf,59270.40332179982,1516403322415015006,1,1516403322415,19.592422,1,1516,0.08583415,18.06584,16.746786,18.0405,0.07267871,100.0,0.021566812,0.0904,187.9797874,32.5445486,0.9657143,t17_f5_c3,0.99997956,18.0276,0.1135,672120124.0,True,True,False,correction_0.0.1,0.0,,ZTF18aaavffc
ztf,59272.443784699775,1518443782415015004,2,1518443782415,19.189684,1,1518,0.21055496,17.787683,16.190636,17.839,0.068487376,100.0,0.015732272,0.1118,187.9797951,32.5445154,0.95857143,t17_f5_c3,0.99996305,18.0472,0.1725,672120224.0,True,True,False,correction_0.0.1,0.0,,ZTF18aaavffc
ztf,59274.23513890011,1520235132415015006,1,1520235132415,18.470327,1,1520,0.2572081,18.24515,16.796976,18.2476,0.19607309,0.039625358,0.051659316,0.1596,187.9797687,32.5444915,0.37,t17_f5_c3,0.6622682,18.1136,0.1804,672120124.0,True,True,False,correction_0.0.1,0.0,,ZTF18aaavffc
ztf,59274.389675899874,1520389672415015011,2,1520389672415,19.239367,1,1520,0.24444339,17.86123,16.207094,17.9217,0.08102585,100.0,0.017659128,0.0854,187.9798162,32.544528,0.8542857,t17_f5_c3,0.99937236,17.8958,0.1056,672120224.0,True,True,False,correction_0.0.1,0.0,,ZTF18aaavffc
ztf,59276.26903939992,1522269032415015008,1,1522269032415,19.86477,1,1522,0.24167798,18.186674,16.781261,18.215,0.09611899,100.0,0.026341723,0.0755,187.9798135,32.5445141,0.97,t17_f5_c3,0.9996337,18.1442,0.0889,672120124.0,True,True,False,correction_0.0.1,0.0,,ZTF18aaavffc
ztf,59276.359259299934,1522359252415015012,2,1522359252415,20.199797,1,1522,0.25784352,17.888807,16.213045,17.9544,0.06149133,100.0,0.0131373955,0.0579,187.979817,32.5445259,0.95857143,t17_f5_c3,0.9999975,17.9585,0.0716,672120224.0,True,True,False,correction_0.0.1,0.0,,ZTF18aaavffc
ztf,59280.29949070001,1526299492415015010,2,1526299492415,20.744747,1,1526,0.16658802,17.911226,16.217796,17.9411,0.050881214,100.0,0.01069512,0.04,187.97979,32.5445369,0.94714284,t17_f5_c3,0.99999964,17.9049,0.0455,672120224.0,True,True,False,correction_0.0.1,0.0,,ZTF18aaavffc
ztf,59280.29949070001,1526299492415025010,2,1526299492415,20.7447,1,1526,0.166588,17.9112,16.21779,17.9411,0.050881,100.0,0.010695282,0.04,187.97979,32.5445369,0.947143,t17_f5_c3,,17.9049,0.0455,,False,True,False,correction_0.0.1,0.0,,ZTF18aaavffc
ztf,59280.37261570012,1526372612415015012,1,1526372612415,20.60573,1,1526,0.14625686,18.30174,16.811602,18.3755,0.061475296,100.0,0.015582794,0.0514,187.9798032,32.5445481,0.95714283,t17_f5_c3,0.99999774,18.3192,0.0587,672120124.0,True,True,False,correction_0.0.1,0.0,,ZTF18aaavffc
ztf,59290.325914400164,1536325912415015011,1,1536325912415,20.83281,1,1536,0.15419848,18.317272,16.81552,18.3728,0.058066588,100.0,0.014562126,0.05,187.9797828,32.5445253,0.9514286,t17_f5_c3,0.99995387,18.3479,0.0585,672120124.0,True,True,False,correction_0.0.1,0.0,,ZTF18aaavffc
ztf,59290.352534700185,1536352532415015017,2,1536352532415,20.793419,1,1536,0.20885725,17.978937,16.231684,18.0222,0.055073116,100.0,0.011016358,0.0415,187.9798019,32.5445283,0.9457143,t17_f5_c3,0.99999976,18.0006,0.0478,672120224.0,True,True,False,correction_0.0.1,0.0,,ZTF18aaavffc
ztf,59292.29996530013,1538299962415015007,1,1538299962415,20.823053,1,1538,0.19678748,18.293184,16.809427,18.3282,0.06813688,100.0,0.017373184,0.0492,187.9797877,32.5445171,0.9557143,t17_f5_c3,0.9999914,18.3394,0.0595,672120124.0,True,True,False,correction_0.0.1,0.0,,ZTF18aaavffc
ztf,59292.35160879977,1538351602415015017,2,1538351602415,20.80305,1,1538,0.11188617,17.955458,16.226946,18.0759,0.050439376,100.0,0.010265141,0.0438,187.9797567,32.54452,0.91714287,t17_f5_c3,0.9999863,18.0743,0.0514,672120224.0,True,True,False,correction_0.0.1,0.0,,ZTF18aaavffc
ztf,59295.24107640004,1541241072415015014,2,1541241072415,20.174343,1,1541,0.25664344,18.003994,16.236649,18.0436,0.056859754,100.0,0.011165215,0.0596,187.979821,32.5445491,0.95857143,t17_f5_c3,0.9999968,18.055,0.0738,672120224.0,True,True,False,correction_0.0.1,0.0,,ZTF18aaavffc
ztf,59295.28040509997,1541280402415015005,1,1541280402415,19.85001,1,1541,0.46786803,18.289652,16.808525,18.3451,0.08848835,100.0,0.022617027,0.073,187.9797392,32.544436,0.92,t17_f5_c3,0.9997484,18.2578,0.084,672120124.0,True,True,False,correction_0.0.1,0.0,,ZTF18aaavffc
ztf,59297.27549770009,1543275492415015001,2,1543275492415,19.68768,1,1543,0.053454213,17.983047,16.232504,17.9328,0.0637198,100.0,0.01270741,0.0668,187.9797577,32.5445447,0.9614286,t17_f5_c3,0.99999535,17.9107,0.0817,672120224.0,True,True,False,correction_0.0.1,0.0,,ZTF18aaavffc
ztf,59297.30521989986,1543305212415015006,1,1543305212415,19.596552,1,1543,0.3394127,18.258963,16.800598,18.2964,0.10981306,100.0,0.028662123,0.0871,187.9798463,32.5445036,0.94142854,t17_f5_c3,0.9978947,18.2262,0.1029,672120124.0,True,True,False,correction_0.0.1,0.0,,ZTF18aaavffc
ztf,59301.314652800094,1547314652415015008,2,1547314652415,18.835424,1,1547,0.3237489,18.09891,16.254644,18.331,0.11773277,100.0,0.0215373,0.1764,187.9798176,32.5446091,0.81285715,t17_f5_c3,0.9944115,18.3833,0.2363,672120224.0,True,True,False,correction_0.0.1,0.0,,ZTF18aaavffc
ztf,59303.3500926001,1549350092415015002,2,1549350092415,19.732885,1,1549,0.085924886,18.18012,16.269054,18.2523,0.087230526,100.0,0.015005197,0.1073,187.9797682,32.5445489,0.9285714,t17_f5_c3,0.99997985,18.2084,0.13,672120224.0,True,True,False,correction_0.0.1,0.0,,ZTF18aaavffc
ztf,59303.36133099999,1549361332415015005,1,1549361332415,19.530247,1,1549,0.20371467,18.672651,16.894316,18.4045,0.10883594,100.0,0.021156238,0.14,187.9798132,32.5445307,0.95428574,t17_f5_c3,0.9998684,18.4457,0.1852,672120124.0,True,True,False,correction_0.0.1,0.0,,ZTF18aaavffc
ztf,59305.2799769002,1551279972415015011,1,1551279972415,19.752275,1,1551,0.21960665,18.553473,16.870102,18.4814,0.089028984,100.0,0.018887889,0.124,187.9798151,32.5445246,0.94714284,t17_f5_c3,0.9998324,18.396,0.1449,672120124.0,True,True,False,correction_0.0.1,0.0,,ZTF18aaavffc
ztf,59307.266319400165,1553266312415015015,2,1553266312415,20.720438,1,1553,0.20047882,18.33189,16.293695,18.3601,0.060778845,100.0,0.009299822,0.0594,187.9798021,32.54455,0.9185714,t17_f5_c3,0.99989355,18.3509,0.07,672120224.0,True,True,False,correction_0.0.1,0.0,,ZTF18aaavffc
ztf,59309.25710650021,1555257102415015007,2,1555257102415,20.492401,1,1555,0.31853598,18.371021,16.299593,18.3676,0.08556421,100.0,0.01269757,0.0704,187.9798336,32.5445799,0.93857145,t17_f5_c3,0.99975955,18.3193,0.0812,672120224.0,True,True,False,correction_0.0.1,0.0,,ZTF18aaavffc
ztf,59309.29973379988,1555299732415015005,1,1555299732415,20.784822,1,1555,0.16263972,18.771664,16.912868,18.8215,0.09227989,100.0,0.016656714,0.0749,187.9797841,32.5445235,0.94714284,t17_f5_c3,0.99988353,18.7729,0.0862,672120124.0,True,True,False,correction_0.0.1,0.0,,ZTF18aaavffc
ztf,59311.24674770003,1557246742415015005,1,1557246742415,20.631096,1,1557,0.19380152,18.841784,16.925196,18.8636,0.09652565,100.0,0.016519908,0.0808,187.9797964,32.5445195,0.96,t17_f5_c3,0.9999619,18.8499,0.0966,672120124.0,True,True,False,correction_0.0.1,0.0,,ZTF18aaavffc
ztf,59311.30093749985,1557300932415015010,2,1557300932415,20.343067,1,1557,0.3535095,18.435812,16.308966,18.5574,0.074468926,100.0,0.010501149,0.0959,187.9798546,32.5445432,0.8857143,t17_f5_c3,0.99985886,18.5879,0.1201,672120224.0,True,True,False,correction_0.0.1,0.0,,ZTF18aaavffc
ztf,59313.26371529978,1559263712415015008,1,1559263712415,20.560045,1,1559,0.16530949,18.737831,16.906685,18.7759,0.08928013,100.0,0.016530879,0.0844,187.9797905,32.5445253,0.9671429,t17_f5_c3,0.9999782,18.7434,0.0998,672120124.0,True,True,False,correction_0.0.1,0.0,,ZTF18aaavffc
ztf,59315.26673609996,1561266732415015012,2,1561266732415,19.666403,1,1561,0.15508161,18.355087,16.297213,18.2619,0.12647624,100.0,0.019004622,0.1309,187.9797849,32.5445584,0.85714287,t17_f5_c3,0.9997896,18.3609,0.1788,672120224.0,True,True,False,correction_0.0.1,0.0,,ZTF18aaavffc
ztf,59317.20593750011,1563205932415015020,2,1563205932415,20.7547,1,1563,0.2703406,18.262186,16.282736,18.3761,0.052655336,100.0,0.008504764,0.057,187.9798248,32.5445581,0.91714287,t17_f5_c3,0.99999917,18.3892,0.0677,672120224.0,True,True,False,correction_0.0.1,0.0,,ZTF18aaavffc
ztf,59317.20593750011,1563205932415025020,2,1563205932415,20.7547,1,1563,0.270341,18.2622,16.282738,18.3761,0.052655,100.0,0.008504623,0.057,187.9798248,32.5445581,0.917143,t17_f5_c3,,18.3892,0.0677,,False,True,False,correction_0.0.1,0.0,,ZTF18aaavffc
ztf,59317.2399420999,1563239942415015011,1,1563239942415,21.056326,1,1563,0.16900727,18.712353,16.90192,18.7292,0.0855042,100.0,0.016136702,0.0597,187.9797992,32.5445358,0.9457143,t17_f5_c3,0.99987745,18.7157,0.0694,672120124.0,True,True,False,correction_0.0.1,0.0,,ZTF18aaavffc
ztf,59317.2399420999,1563239942415025011,1,1563239942415,21.0563,1,1563,0.169007,18.7124,16.90193,18.7292,0.085504,100.0,0.016136091,0.0597,187.9797992,32.5445358,0.945714,t17_f5_c3,,18.7157,0.0694,,False,True,False,correction_0.0.1,0.0,,ZTF18aaavffc
ztf,59321.26612270018,1567266122415015008,1,1567266122415,21.008448,1,1567,0.117758535,18.416325,16.839523,18.374,0.07760155,100.0,0.01816142,0.0484,187.9797872,32.5445407,0.9042857,t17_f5_c3,0.9999633,18.3746,0.0574,672120124.0,True,True,False,correction_0.0.1,0.0,,ZTF18aaavffc
ztf,59321.300451400224,1567300452415015014,2,1567300452415,20.810633,1,1567,0.18833843,18.179792,16.268997,18.2666,0.06414,100.0,0.011035978,0.0517,187.9797943,32.5445261,0.9085714,t17_f5_c3,0.99996686,18.2976,0.0623,672120224.0,True,True,False,correction_0.0.1,0.0,,ZTF18aaavffc
ztf,59323.2816666998,1569281662415015003,1,1569281662415,20.417303,1,1569,0.27247962,18.349321,16.823467,18.3277,0.068681635,100.0,0.016846087,0.0583,187.9798139,32.5445029,0.9657143,t17_f5_c3,0.9998489,18.382,0.075,672120124.0,True,True,False,correction_0.0.1,0.0,,ZTF18aaavffc
ztf,59323.3435531999,1569343552415015008,2,1569343552415,20.441212,1,1569,0.27261895,18.032742,16.242235,18.1353,0.07173607,100.0,0.013789062,0.0542,187.9798262,32.5445543,0.9514286,t17_f5_c3,0.99999917,18.1731,0.0673,672120224.0,True,True,False,correction_0.0.1,0.0,,ZTF18aaavffc
ztf,59325.26707179984,1571267072415015010,2,1571267072415,20.33494,1,1571,0.12883182,17.889492,16.213192,17.9543,0.05683485,100.0,0.012136535,0.0514,187.9797793,32.5445549,0.9557143,t17_f5_c3,0.99996245,17.9577,0.0628,672120224.0,True,True,False,correction_0.0.1,0.0,,ZTF18aaavffc
ztf,59325.347986099776,1571347982415015006,1,1571347982415,20.010859,1,1571,0.31750196,18.193727,16.78319,18.22,0.06400154,100.0,0.017457234,0.0672,187.9798315,32.5444991,0.9685714,t17_f5_c3,0.9999913,18.146,0.0783,672120124.0,True,True,False,correction_0.0.1,0.0,,ZTF18aaavffc
ztf,59329.349768499844,1575349762415015003,1,1575349762415,19.278229,1,1575,0.23850475,18.053265,16.74304,17.9694,0.07260398,100.0,0.021720536,0.1107,187.9798214,32.5445184,0.9557143,t17_f5_c3,0.99988705,18.0096,0.1466,672120124.0,True,True,False,correction_0.0.1,0.0,,ZTF18aaavffc
ztf,59329.349768499844,1575349762415025003,1,1575349762415,19.2782,1,1575,0.238505,18.0533,16.743052,17.9694,0.072604,100.0,0.021720033,0.1107,187.9798214,32.5445184,0.955714,t17_f5_c3,,18.0096,0.1466,,False,True,False,correction_0.0.1,0.0,,ZTF18aaavffc
ztf,59329.349768499844,1575349762415035003,1,1575349762415,19.2782,1,1575,0.238505,18.0533,16.743052,17.9694,0.072604,100.0,0.021720033,0.1107,187.9798214,32.5445184,0.955714,t17_f5_c3,,18.0096,0.1466,,False,True,False,correction_0.0.1,0.0,,ZTF18aaavffc
ztf,59335.25814810023,1581258142415015015,1,1581258142415,20.616657,1,1581,0.106446266,18.1853,16.780886,18.2197,0.073738985,100.0,0.02022697,0.053,187.9797894,32.5445476,0.9614286,t17_f5_c3,0.99982667,18.175,0.0618,672120124.0,True,True,False,correction_0.0.1,0.0,,ZTF18aaavffc
ztf,59335.31056710007,1581310562415015010,2,1581310562415,19.624023,1,1581,0.15272069,17.85343,16.20539,17.8392,0.060030248,100.0,0.013156921,0.0791,187.9797875,32.5445345,0.95714283,t17_f5_c3,0.9999958,17.783,0.094,672120224.0,True,True,False,correction_0.0.1,0.0,,ZTF18aaavffc
ztf,59338.257662000135,1584257662415015010,2,1584257662415,20.646145,1,1584,0.14120537,17.8574,16.206259,17.9483,0.055217307,100.0,0.012067534,0.0426,187.9797813,32.5445353,0.95428574,t17_f5_c3,1.0,17.9852,0.0522,672120224.0,True,True,False,correction_0.0.1,0.0,,ZTF18aaavffc
ztf,59338.30732640019,1584307322415015015,1,1584307322415,20.710314,1,1584,0.11274361,18.174644,16.777952,18.2006,0.068620674,100.0,0.018957358,0.0458,187.9797769,32.5445342,0.9685714,t17_f5_c3,0.9999096,18.2088,0.0554,672120124.0,True,True,False,correction_0.0.1,0.0,,ZTF18aaavffc
ztf,59340.227037000004,1586227032415015013,1,1586227032415,20.968712,1,1586,0.12413868,18.172445,16.777344,18.2463,0.07428379,100.0,0.020551967,0.0434,187.9797821,32.5445341,0.9357143,t17_f5_c3,0.9994409,18.2495,0.0515,672120124.0,True,True,False,correction_0.0.1,0.0,,ZTF18aaavffc
ztf,59340.301041699946,1586301042415015005,2,1586301042415,20.690687,1,1586,0.24554431,17.942596,16.224316,17.9095,0.061607234,100.0,0.012656671,0.0402,187.9798168,32.5445533,0.94857144,t17_f5_c3,1.0,17.8978,0.0468,672120224.0,True,True,False,correction_0.0.1,0.0,,ZTF18aaavffc
ztf,59342.30300930003,1588303002415015009,2,1588303002415,20.713434,1,1588,0.088792376,17.9487,16.225567,17.9442,0.050370682,100.0,0.010302073,0.0398,187.9797595,32.5445611,0.94714284,t17_f5_c3,0.99998635,17.9257,0.0459,672120224.0,True,True,False,correction_0.0.1,0.0,,ZTF18aaavffc
ztf,59342.3541203998,1588354122415015010,1,1588354122415,20.689478,1,1588,0.0042900173,18.173487,16.777632,18.2234,0.062866144,100.0,0.017381001,0.0438,187.9797607,32.5445641,0.96,t17_f5_c3,0.9999021,18.2339,0.0524,672120124.0,True,True,False,correction_0.0.1,0.0,,ZTF18aaavffc
ztf,59344.243414400145,1590243412415015016,2,1590243412415,20.805122,1,1590,0.2148462,17.846043,16.203766,17.9222,0.056719135,100.0,0.012497387,0.0385,187.9798022,32.5445255,0.8914286,t17_f5_c3,0.99997675,17.9334,0.0454,672120224.0,True,True,False,correction_0.0.1,0.0,,ZTF18aaavffc
ztf,59344.287476900034,1590287472415015011,1,1590287472415,20.94315,1,1590,0.08694956,18.0816,16.75144,18.0776,0.06370595,100.0,0.01871181,0.0368,187.9797767,32.5445446,0.95285714,t17_f5_c3,0.99997723,18.0502,0.0422,672120124.0,True,True,False,correction_0.0.1,0.0,,ZTF18aaavffc
ztf,59346.281481499784,1592281482415015009,2,1592281482415,20.72264,1,1592,0.22895119,17.815601,16.196985,17.9076,0.049129132,100.0,0.011063507,0.04,187.9798153,32.5445293,0.88,t17_f5_c3,0.9999869,17.9154,0.0474,672120224.0,True,True,False,correction_0.0.1,0.0,,ZTF18aaavffc
ztf,59346.317847200204,1592317842415015002,1,1592317842415,20.670824,1,1592,0.18719843,18.06554,16.746698,18.1139,0.060930192,100.0,0.018084044,0.043,187.9798131,32.5445387,0.9557143,t17_f5_c3,0.9999918,18.0913,0.0505,672120124.0,True,True,False,correction_0.0.1,0.0,,ZTF18aaavffc
ztf,59348.255868100096,1594255862415015017,1,1594255862415,20.944328,1,1594,0.11089774,17.98315,16.721586,18.0367,0.05370342,100.0,0.01680258,0.0371,187.9797828,32.5445402,0.9357143,t17_f5_c3,0.99978215,18.0078,0.0428,672120124.0,True,True,False,correction_0.0.1,0.0,,ZTF18aaavffc
ztf,59348.32145830011,1594321452415015005,2,1594321452415,20.694279,1,1594,0.1558075,17.769651,16.186466,17.8285,0.050268833,100.0,0.011695669,0.0376,187.9797816,32.5445243,0.8971428,t17_f5_c3,0.9999844,17.8326,0.0445,672120224.0,True,True,False,correction_0.0.1,0.0,,ZTF18aaavffc
ztf,59350.26187499985,1596261872415015008,2,1596261872415,20.399956,1,1596,0.20465763,17.597458,16.143898,17.6568,0.052489474,100.0,0.013760944,0.0335,187.9798025,32.5445381,0.94714284,t17_f5_c3,0.99999905,17.6262,0.0385,672120224.0,True,True,False,correction_0.0.1,0.0,,ZTF18aaavffc
ztf,59354.23951390013,1600239512415015009,2,1600239512415,19.855621,1,1600,0.20729567,17.581581,16.139713,17.6488,0.04675507,100.0,0.012390291,0.0449,187.979805,32.5445388,0.95,t17_f5_c3,0.99999905,17.6431,0.0551,672120224.0,True,True,False,correction_0.0.1,0.0,,ZTF18aaavffc
ztf,59354.30818289984,1600308182415015005,1,1600308182415,19.51324,1,1600,0.16912104,17.848345,16.677582,17.901,0.07597329,100.0,0.025843754,0.0568,187.9798083,32.5445418,0.7728571,t17_f5_c3,0.9925829,17.8981,0.071,672120124.0,True,True,False,correction_0.0.1,0.0,,ZTF18aaavffc
ztf,59356.20135420002,1602201352415015008,1,1602201352415,19.425877,1,1602,0.107858695,17.831133,16.671696,17.8511,0.062636845,100.0,0.021530548,0.0687,187.9797461,32.5445346,0.94142854,t17_f5_c3,0.9993506,17.8895,0.0901,672120124.0,True,True,False,correction_0.0.1,0.0,,ZTF18aaavffc
ztf,59356.25635420019,1602256352415015007,2,1602256352415,19.901787,1,1602,0.14483468,17.596798,16.143724,17.6097,0.0467971,100.0,0.012274101,0.0518,187.9797837,32.5445493,0.95285714,t17_f5_c3,0.99999124,17.5514,0.0614,672120224.0,True,True,False,correction_0.0.1,0.0,,ZTF18aaavffc
ztf,59359.217754600104,1605217752415015011,2,1605217752415,19.744307,1,1605,0.22095348,17.622103,16.150305,17.7252,0.069447845,100.0,0.017903572,0.0677,187.9798128,32.5445475,0.93714285,t17_f5_c3,0.9999412,17.6895,0.0824,672120224.0,True,True,False,correction_0.0.1,0.0,,ZTF18aaavffc
ztf,59359.260277799796,1605260272415015006,1,1605260272415,19.500109,1,1605,0.09861125,17.930943,16.704979,18.0322,0.07161809,100.0,0.023154609,0.1134,187.9797906,32.5445666,0.96,t17_f5_c3,0.99996746,18.1343,0.1588,672120124.0,True,True,False,correction_0.0.1,0.0,,ZTF18aaavffc
ztf,59362.19222219987,1608192222415015006,1,1608192222415,20.750042,1,1608,0.13518123,17.878824,16.687855,17.972,0.074399546,100.0,0.02484175,0.0373,187.979783,32.5445317,0.9085714,t17_f5_c3,0.9996994,18.0036,0.0461,672120124.0,True,True,False,correction_0.0.1,0.0,,ZTF18aaavffc
ztf,59362.239687500056,1608239682415015013,2,1608239682415,20.216194,1,1608,0.1439516,17.617273,16.149057,17.6853,0.04689973,100.0,0.0121306535,0.0453,187.9797801,32.5445358,0.93857145,t17_f5_c3,0.99999774,17.6957,0.0562,672120224.0,True,True,False,correction_0.0.1,0.0,,ZTF18aaavffc
ztf,59364.312731499784,1610312732415015004,2,1610312732415,20.23873,1,1610,0.08451428,17.674944,16.163683,17.7402,0.051930048,100.0,0.012909651,0.0465,187.9797375,32.544522,0.95,t17_f5_c3,0.999987,17.7468,0.0572,672120224.0,True,True,False,correction_0.0.1,0.0,,ZTF18aaavffc
ztf,59366.214548599906,1612214542415015019,2,1612214542415,20.670477,1,1612,0.1880975,17.664223,16.161009,17.729,0.045744546,100.0,0.011456541,0.0349,187.9797979,32.544545,0.9357143,t17_f5_c3,0.9999796,17.743,0.0416,672120224.0,True,True,False,correction_0.0.1,0.0,,ZTF18aaavffc
ztf,59366.23695599986,1612236952415015003,1,1612236952415,20.76831,1,1612,0.1726857,17.935495,16.70645,17.958,0.055742472,100.0,0.017970815,0.0364,187.9798019,32.5445283,0.9685714,t17_f5_c3,0.9999893,17.934,0.0425,672120124.0,True,True,False,correction_0.0.1,0.0,,ZTF18aaavffc
ztf,59368.2177893999,1614217782415015016,2,1614217782415,20.665277,1,1614,0.22098044,17.655397,16.15879,17.7183,0.052382257,100.0,0.013199021,0.035,187.9798085,32.5445537,0.94285715,t17_f5_c3,0.9997884,17.7059,0.0409,672120224.0,True,True,False,correction_0.0.1,0.0,,ZTF18aaavffc
ztf,59370.22385419998,1616223852415015017,1,1616223852415,20.797628,1,1616,0.12995729,17.950613,16.7113,17.9828,0.049245197,100.0,0.01572674,0.0369,187.9797742,32.5445295,0.9614286,t17_f5_c3,0.99998975,17.9504,0.0428,672120124.0,True,True,False,correction_0.0.1,0.0,,ZTF18aaavffc
ztf,59370.26508100005,1616265082415015009,2,1616265082415,20.54715,1,1616,0.1846602,17.682396,16.165531,17.6871,0.052840587,100.0,0.013068379,0.0359,187.9797867,32.5445197,0.9557143,t17_f5_c3,0.9999851,17.6677,0.0421,672120224.0,True,True,False,correction_0.0.1,0.0,,ZTF18aaavffc
ztf,59372.20365739986,1618203652415015016,1,1618203652415,18.883179,1,1618,0.24276163,18.324728,16.817383,18.5953,0.17213015,0.026527945,0.042945642,0.3062,187.9797925,32.5445015,0.85571426,t17_f5_c3,0.9994979,18.8377,0.4868,672120124.0,True,True,False,correction_0.0.1,0.0,,ZTF18aaavffc
ztf,59375.215694400016,1621215692415015002,2,1621215692415,20.557724,1,1621,0.14539973,17.738375,16.17911,17.8002,0.042147897,100.0,0.010024662,0.039,187.9797773,32.5445295,0.9285714,t17_f5_c3,0.9999999,17.7907,0.0462,672120224.0,True,True,False,correction_0.0.1,0.0,,ZTF18aaavffc
ztf,59375.26302079996,1621263022415015014,1,1621263022415,20.358759,1,1621,0.20321131,18.038237,16.738522,17.9931,0.06848915,100.0,0.020688834,0.0437,187.9798067,32.5445211,0.9714286,t17_f5_c3,0.99997854,18.0251,0.0547,672120124.0,True,True,False,correction_0.0.1,0.0,,ZTF18aaavffc
ztf,59377.23848380009,1623238482415015014,2,1623238482415,20.61549,1,1623,0.12015449,17.805029,16.194595,17.7885,0.04854,100.0,0.011013529,0.0386,187.9797751,32.5445407,0.9142857,t17_f5_c3,0.999983,17.7539,0.0446,672120224.0,True,True,False,correction_0.0.1,0.0,,ZTF18aaavffc
ztf,59377.306330999825,1623306332415015008,1,1623306332415,20.360619,1,1623,0.21114081,18.123787,16.763662,18.0723,0.06998844,100.0,0.019997522,0.0535,187.9798086,32.5445221,0.9742857,t17_f5_c3,0.9999546,18.0433,0.0642,672120124.0,True,True,False,correction_0.0.1,0.0,,ZTF18aaavffc
ztf,59379.194791700225,1625194792415015011,1,1625194792415,20.782896,1,1625,0.1145084,17.996565,16.725765,18.0591,0.06550042,100.0,0.020320017,0.0411,187.9797794,32.5445377,0.9614286,t17_f5_c3,0.9988722,18.0407,0.0487,672120124.0,True,True,False,correction_0.0.1,0.0,,ZTF18aaavffc
ztf,59379.224641200155,1625224642415015008,2,1625224642415,20.59612,1,1625,0.116808966,17.776318,16.188015,17.8062,0.05747597,100.0,0.013309601,0.0392,187.9797743,32.5445438,0.9085714,t17_f5_c3,0.99999505,17.7987,0.0466,672120224.0,True,True,False,correction_0.0.1,0.0,,ZTF18aaavffc
ztf,59381.20250000013,1627202492415015005,2,1627202492415,19.233297,1,1627,0.10777473,17.806313,16.194887,17.8419,0.06324251,100.0,0.014336358,0.1246,187.9797712,32.5445489,0.8528572,t17_f5_c3,0.9999503,17.7023,0.139,672120224.0,True,True,False,correction_0.0.1,0.0,,ZTF18aaavffc
ztf,59381.28238430014,1627282382415015004,1,1627282382415,18.747082,1,1627,0.20219237,17.763735,16.648054,17.7479,0.11245069,0.02800945,0.040242944,0.1591,187.9798253,32.5445666,0.9,t17_f5_c3,0.99938977,17.9526,0.2447,672120124.0,True,True,False,correction_0.0.1,0.0,,ZTF18aaavffc
ztf,59383.197523099836,1629197522415015004,2,1629197522415,19.570993,1,1629,0.22737142,17.638283,16.154453,17.561,0.06910644,100.0,0.01761922,0.0693,187.9797914,32.5445025,0.94714284,t17_f5_c3,0.9997793,17.5377,0.0856,672120224.0,True,True,False,correction_0.0.1,0.0,,ZTF18aaavffc
ztf,59383.240324100014,1629240322415015002,1,1629240322415,19.268831,1,1629,0.20257828,17.750875,16.643435,17.7641,0.06618023,100.0,0.02386447,0.0948,187.9798235,32.5445495,0.9614286,t17_f5_c3,0.9998466,17.8105,0.1258,672120124.0,True,True,False,correction_0.0.1,0.0,,ZTF18aaavffc
ztf,59385.205590299796,1631205592415015002,1,1631205592415,19.650549,1,1631,0.1934067,17.729214,16.635572,17.6557,0.05206768,100.0,0.019015687,0.0602,187.97978,32.5445122,0.9785714,t17_f5_c3,0.999962,17.6376,0.0749,672120124.0,True,True,False,correction_0.0.1,0.0,,ZTF18aaavffc
ztf,59385.21986109996,1631219862415015006,2,1631219862415,19.775904,1,1631,0.115488015,17.505716,16.119087,17.5583,0.0547077,100.0,0.015254452,0.0533,187.9797712,32.544541,0.9628571,t17_f5_c3,0.99998987,17.5989,0.0692,672120224.0,True,True,False,correction_0.0.1,0.0,,ZTF18aaavffc
ztf,59387.19637730019,1633196372415015006,2,1633196372415,19.77251,1,1633,0.121474124,17.492374,16.11535,17.5054,0.04304325,100.0,0.012108637,0.0544,187.9797734,32.5445339,0.9614286,t17_f5_c3,0.9999988,17.5257,0.0695,672120224.0,True,True,False,correction_0.0.1,0.0,,ZTF18aaavffc
ztf,59387.30440969998,1633304402415015005,1,1633304402415,18.757103,1,1633,0.23055556,17.663214,16.611002,17.6667,0.078314565,0.010150372,0.02971377,0.1241,187.9797246,32.5445048,0.95,t17_f5_c3,0.9993761,17.6248,0.1526,672120124.0,True,True,False,correction_0.0.1,0.0,,ZTF18aaavffc
ztf,59391.20528940018,1637205282415015010,1,1637205282415,19.781578,1,1637,0.21860382,17.634274,16.59993,17.6917,0.05910989,100.0,0.022799373,0.0513,187.9797749,32.5445035,0.95857143,t17_f5_c3,0.9999167,17.6947,0.0645,672120124.0,True,True,False,correction_0.0.1,0.0,,ZTF18aaavffc
ztf,59391.26418979978,1637264182415015005,2,1637264182415,19.616941,1,1637,0.04263264,17.401505,16.089008,17.4618,0.044090416,100.0,0.01316273,0.0569,187.9797323,32.5445349,0.96,t17_f5_c3,0.99999845,17.4919,0.0736,672120224.0,True,True,False,correction_0.0.1,0.0,,ZTF18aaavffc
ztf,59393.19806709979,1639198062415015015,2,1639198062415,20.526192,1,1639,0.14827779,17.394049,16.086779,17.4373,0.046138365,100.0,0.013840565,0.0302,187.9797728,32.5445228,0.92285717,t17_f5_c3,0.99999815,17.4033,0.0349,672120224.0,True,True,False,correction_0.0.1,0.0,,ZTF18aaavffc
ztf,59393.30848379992,1639308482415015002,1,1639308482415,18.969666,1,1639,0.27502066,17.631227,16.598755,17.6981,0.08409602,0.017125916,0.032492734,0.098,187.9798115,32.5445005,0.94,t17_f5_c3,0.99988085,17.7204,0.1275,672120124.0,True,True,False,correction_0.0.1,0.0,,ZTF18aaavffc
ztf,59395.22502310015,1641225022415015006,2,1641225022415,20.014345,1,1641,0.3159973,17.40808,16.090967,17.4442,0.05740999,100.0,0.017066438,0.0433,187.9798402,32.5445557,0.9514286,t17_f5_c3,0.9999989,17.4662,0.0543,672120224.0,True,True,False,correction_0.0.1,0.0,,ZTF18aaavffc
ztf,59395.246388900094,1641246382415015020,1,1641246382415,19.380415,1,1641,0.36845356,17.594864,16.58456,17.5063,0.06720705,100.0,0.026502887,0.0656,187.9798803,32.5445532,0.94285715,t17_f5_c3,0.999987,17.4809,0.0807,672120124.0,True,True,False,correction_0.0.1,0.0,,ZTF18aaavffc
ztf,59397.20339119993,1643203392415015010,2,1643203392415,20.503511,1,1643,0.12202286,17.411549,16.091997,17.3894,0.049871672,100.0,0.014792229,0.0295,187.9797729,32.5445323,0.89285713,t17_f5_c3,0.9998691,17.3526,0.0342,672120224.0,True,True,False,correction_0.0.1,0.0,,ZTF18aaavffc
ztf,59397.26675930014,1643266752415015008,1,1643266752415,20.003237,1,1643,0.16113037,17.65178,16.60665,17.691,0.062401567,100.0,0.023831068,0.047,187.9797593,32.544518,0.96428573,t17_f5_c3,0.99998355,17.6472,0.056,672120124.0,True,True,False,correction_0.0.1,0.0,,ZTF18aaavffc
ztf,59512.52145829983,1758521452415015006,2,1758521452415,19.3674,1,1758,0.328996,16.8545,15.895092,16.8293,0.048136,100.0,0.019893296,0.0301,187.979839,32.5445147,0.904286,t17_f5_c3,,16.8111,0.037,,False,True,False,correction_1.0.6,0.0,1.773495102415015e+18,ZTF18aaavffc
ztf,59512.52400460001,1758524002415015014,2,1758524002415,19.4685,1,1758,0.324924,16.8224,15.88171,16.8549,0.045562,100.0,0.019156983,0.0305,187.9798191,32.5444875,0.922857,t17_f5_c3,,16.8609,0.0382,,False,True,False,correction_1.0.6,0.0,1.773495102415015e+18,ZTF18aaavffc
ztf,59512.526562499814,1758526562415015006,2,1758526562415,19.6983,1,1758,0.18921,16.7856,15.866086,16.7975,0.042938,100.0,0.018409237,0.0284,187.9797945,32.5445668,0.952857,t17_f5_c3,,16.83,0.0363,,False,True,False,correction_1.0.6,0.0,1.773495102415015e+18,ZTF18aaavffc
ztf,59512.529108799994,1758529102415015008,2,1758529102415,19.6132,1,1758,0.225514,16.8294,15.884647,16.7805,0.034179,100.0,0.014317223,0.0283,187.9797977,32.54451,0.952857,t17_f5_c3,,16.7543,0.0344,,False,True,False,correction_1.0.6,0.0,1.773495102415015e+18,ZTF18aaavffc
ztf,59512.5316666998,1758531662415015006,2,1758531662415,19.6895,1,1758,0.212629,16.8841,15.907227,16.9353,0.035352,100.0,0.014376883,0.0318,187.9798084,32.5445397,0.957143,t17_f5_c3,,16.9368,0.0397,,False,True,False,correction_1.0.6,0.0,1.773495102415015e+18,ZTF18aaavffc
ztf,59527.49510420021,1773495102415015006,1,1773495102415,20.296297,1,1773,0.20415135,17.065695,16.34431,17.0796,0.04122971,100.0,0.02121567,0.0205,187.9797641,32.5445061,0.94285715,t17_f5_c3,0.999951,17.0616,0.024,672120124.0,True,True,False,correction_1.0.6,0.0,,ZTF18aaavffc
ztf,59531.48598380014,1777485982415015009,1,1777485982415,20.266962,1,1777,0.12919399,16.965544,16.291624,16.9783,0.04735934,0.014666742,0.025458781,0.0212,187.9797511,32.5445274,0.92714286,t17_f5_c3,0.9994821,16.9688,0.0254,672120124.0,True,True,False,correction_1.0.6,0.0,,ZTF18aaavffc
ztf,59536.50667819986,1782506672415015008,2,1782506672415,19.115059,1,1782,0.20550178,16.788734,15.867428,16.7812,0.04398449,100.0,0.018826822,0.0471,187.9798024,32.5445332,0.9342857,t17_f5_c3,0.9999999,16.7867,0.06,672120224.0,True,True,False,correction_1.0.6,0.0,,ZTF18aaavffc
ztf,59538.490960599855,1784490962415015004,2,1784490962415,19.53027,1,1784,0.23095392,16.857893,15.896493,16.8321,0.03858108,100.0,0.015915278,0.0334,187.9798088,32.5445258,0.91714287,t17_f5_c3,0.9999944,16.7999,0.0408,672120224.0,True,True,False,correction_1.0.6,0.0,,ZTF18aaavffc
ztf,59538.490960599855,1784490962415025004,2,1784490962415,19.5303,1,1784,0.230954,16.8579,15.896496,16.8321,0.038581,100.0,0.01591518,0.0334,187.9798088,32.5445258,0.917143,t17_f5_c3,,16.7999,0.0408,,False,True,False,correction_1.0.6,0.0,1.7964764924150152e+18,ZTF18aaavffc
ztf,59538.51327549992,1784513272415025005,1,1784513272415,19.4615,1,1784,0.08603,17.0583,16.3405,17.1098,0.043334,0.0051655103,0.022372194,0.0441,187.9797785,32.5445436,0.954286,t17_f5_c3,,17.1075,0.0558,,False,True,False,correction_1.0.6,0.0,1.7964764924150152e+18,ZTF18aaavffc
ztf,59550.47649310017,1796476492415015072,1,1796476492415,19.507015,1,1796,0.11488572,16.899908,16.255848,16.9423,0.042728767,0.012329408,0.023610013,0.0375,187.9797277,32.5445434,0.89,t17_f5_c3,0.9999703,16.9081,0.045,672120124.0,True,True,False,correction_1.0.6,0.0,,ZTF18aaavffc
ztf,59550.53123839991,1796531232415015011,2,1796531232415,20.650675,1,1796,0.20171672,16.748075,15.849838,16.7606,0.035856202,100.0,0.015677229,0.0154,187.979802,32.5445538,0.8957143,t17_f5_c3,0.9999659,16.7591,0.0179,672120224.0,True,True,False,correction_1.0.6,0.0,,ZTF18aaavffc
ztf,59623.31863430003,1869318632415015004,1,1869318632415,19.791143,1,1869,0.13986915,17.003668,16.31195,17.0293,0.044014066,0.009602339,0.023275815,0.0315,187.9797775,32.5445276,0.9614286,t17_f5_c3,0.9999671,17.0329,0.0396,672120124.0,True,True,False,correction_1.0.6,0.0,,ZTF18aaavffc
ztf,59623.373981500044,1869373982415015008,2,1869373982415,20.21792,1,1869,0.15992111,16.815416,15.878769,16.8229,0.03088915,100.0,0.013036075,0.0207,187.9797673,32.5445096,0.93285716,t17_f5_c3,0.9999989,16.8277,0.0253,672120224.0,True,True,False,correction_1.0.6,0.0,,ZTF18aaavffc
ztf,59625.237094900105,1871237092415015002,1,1871237092415,18.728683,1,1871,0.1389792,17.03009,16.325844,17.0302,0.065607496,0.026740717,0.034296907,0.0589,187.9797623,32.5445243,0.8685714,t17_f5_c3,0.9974595,17.0614,0.0774,672120124.0,True,True,False,correction_1.0.6,0.0,,ZTF18aaavffc
ztf,59625.288587999996,1871288582415015002,2,1871288582415,19.42824,1,1871,0.15810679,16.81411,15.878217,16.827,0.043162182,100.0,0.018228304,0.033,187.9797912,32.5445395,0.92285717,t17_f5_c3,0.9999995,16.8092,0.0407,672120224.0,True,True,False,correction_1.0.6,0.0,,ZTF18aaavffc
ztf,59628.364467599895,1874364462415015004,1,1874364462415,19.494694,1,1874,0.12185276,17.07359,16.348366,17.0778,0.050488465,0.013764203,0.02588826,0.0431,187.9797665,32.5445292,0.96428573,t17_f5_c3,0.99988675,16.9816,0.05,672120124.0,True,True,False,correction_1.0.6,0.0,,ZTF18aaavffc
ztf,59628.41443290003,1874414432415015058,2,1874414432415,19.43929,1,1874,0.207002,16.80416,15.874003,16.8778,0.045759864,100.0,0.019427748,0.0324,187.9798042,32.5445404,0.76428574,t17_f5_c3,0.9999997,16.8708,0.0404,672120224.0,True,True,False,correction_1.0.6,0.0,,ZTF18aaavffc
ztf,59630.40736109996,1876407362415015005,1,1876407362415,19.938007,1,1876,0.10175469,17.07621,16.349709,17.1068,0.057158537,0.019365491,0.029273909,0.0312,187.9797796,32.5445413,0.91571426,t17_f5_c3,0.9999695,17.0987,0.0387,672120124.0,True,True,False,correction_1.0.6,0.0,,ZTF18aaavffc
ztf,59637.32270829985,1883322702415015012,2,1883322702415,20.327827,1,1883,0.120162465,16.793804,15.869596,16.8208,0.03324586,100.0,0.014192339,0.0173,187.9797782,32.5445417,0.9285714,t17_f5_c3,0.9999939,16.8104,0.0202,672120224.0,True,True,False,correction_1.0.6,0.0,,ZTF18aaavffc
ztf,59637.35983800003,1883359832415015008,1,1883359832415,20.58626,1,1883,0.2511555,16.937101,16.276241,16.9552,0.040246136,0.00765053,0.021896778,0.0158,187.9797828,32.5444952,0.92142856,t17_f5_c3,0.99994624,16.9412,0.0184,672120124.0,True,True,False,correction_1.0.6,0.0,,ZTF18aaavffc
ztf,59639.297870399896,1885297872415015007,2,1885297872415,20.123877,1,1885,0.30032626,16.809221,15.87615,16.8088,0.038987495,100.0,0.016508088,0.0176,187.9798265,32.5445106,0.89,t17_f5_c3,0.9999293,16.7815,0.0204,672120224.0,True,True,False,correction_1.0.6,0.0,,ZTF18aaavffc
ztf,59639.327025500126,1885327022415015007,1,1885327022415,20.252249,1,1885,0.27637747,16.87329,16.241058,16.8861,0.04229425,0.012793055,0.023625944,0.0153,187.97978,32.5444878,0.7657143,t17_f5_c3,0.99117416,16.8676,0.0177,672120124.0,True,True,False,correction_1.0.6,0.0,,ZTF18aaavffc
ztf,59671.42003470007,1917420032415015011,1,1917420032415,20.935713,1,1917,0.15395483,16.707888,16.145578,16.733,0.04045081,0.015807617,0.024099262,0.0126,187.979775,32.5445207,0.89857143,t17_f5_c3,0.9948655,16.7204,0.0143,672120124.0,True,True,False,correction_1.0.6,0.0,,ZTF18aaavffc
ztf,59671.42003470007,1917420032415025010,1,1917420032415,20.9389,1,1917,0.148599,16.7104,16.147076,16.7345,0.040607,0.015886063,0.024169683,0.0126,187.9797747,32.5445222,0.907143,t17_f5_c3,,16.7202,0.0143,,False,True,False,correction_1.0.6,0.0,1.935268982415015e+18,ZTF18aaavffc
ztf,59674.37935189996,1920379352415015015,1,1920379352415,20.706942,1,1920,0.15947275,16.746946,16.168678,16.7601,0.035181727,0.009017869,0.02065429,0.0137,187.9797845,32.5445244,0.9071429,t17_f5_c3,0.9998706,16.7505,0.0159,672120124.0,True,True,False,correction_1.0.6,0.0,,ZTF18aaavffc
ztf,59674.458738400135,1920458732415015007,2,1920458732415,20.173737,1,1920,0.15243578,16.583668,15.774876,16.6091,0.0378586,100.0,0.017974118,0.0169,187.9797737,32.5445175,0.93142855,t17_f5_c3,0.9999978,16.5875,0.0199,672120224.0,True,True,False,correction_1.0.6,0.0,,ZTF18aaavffc
ztf,59676.359826399945,1922359822415015009,2,1922359822415,20.056768,1,1922,0.20246926,16.635302,15.799084,16.6914,0.042014167,100.0,0.019449506,0.016,187.979781,32.5445037,0.73,t17_f5_c3,0.99618334,16.635,0.0179,672120224.0,True,True,False,correction_1.0.6,0.0,,ZTF18aaavffc
ztf,59676.38599540014,1922385992415015013,1,1922385992415,20.156055,1,1922,0.17020142,16.797527,16.198088,16.8077,0.040574633,0.013461284,0.023360318,0.0154,187.9797782,32.5445186,0.7442857,t17_f5_c3,0.99903077,16.7678,0.0176,672120124.0,True,True,False,correction_1.0.6,0.0,,ZTF18aaavffc
ztf,59678.343229200225,1924343222415015011,1,1924343222415,20.547104,1,1924,0.09659154,16.768742,16.181421,16.8005,0.039648324,0.01339246,0.023083244,0.0163,187.9797699,32.5445384,0.92,t17_f5_c3,0.99977326,16.7881,0.0192,672120124.0,True,True,False,correction_1.0.6,0.0,,ZTF18aaavffc
ztf,59684.31019680016,1930310192415015004,1,1930310192415,19.370008,1,1930,0.13693145,16.725243,16.155886,16.7703,0.046771362,0.020717071,0.027684517,0.0343,187.9797767,32.5445271,0.9514286,t17_f5_c3,0.9996712,16.7435,0.0424,672120124.0,True,True,False,correction_1.0.6,0.0,,ZTF18aaavffc
ztf,59684.342395800166,1930342392415015002,2,1930342392415,19.58653,1,1930,0.18547599,16.592583,15.7790985,16.6422,0.034713764,100.0,0.016409982,0.0282,187.9797945,32.5445303,0.9357143,t17_f5_c3,0.99999595,16.6845,0.0368,672120224.0,True,True,False,correction_1.0.6,0.0,,ZTF18aaavffc
ztf,59687.35993060004,1933359932415015002,2,1933359932415,19.70513,1,1933,0.14310126,16.610756,15.787652,16.6604,0.04283151,100.0,0.020068813,0.0252,187.9797814,32.5445349,0.9457143,t17_f5_c3,0.9999989,16.6693,0.0316,672120224.0,True,True,False,correction_1.0.6,0.0,,ZTF18aaavffc
ztf,59689.26898150006,1935268982415015004,2,1935268982415,20.084635,1,1935,0.18819189,16.608095,15.786405,16.6601,0.035056144,100.0,0.016447041,0.0168,187.9797955,32.5445302,0.91714287,t17_f5_c3,0.9999894,16.643,0.0197,672120224.0,True,True,False,correction_1.0.6,0.0,,ZTF18aaavffc
ztf,59689.302488400135,1935302482415015003,1,1935302482415,19.429907,1,1935,0.27900693,16.763006,16.17808,16.8415,0.044628106,0.01807657,0.026039788,0.0201,187.9797673,32.5444852,0.5214286,t17_f5_c3,0.9693619,16.7894,0.0236,672120124.0,True,True,False,correction_1.0.6,0.0,,ZTF18aaavffc
ztf,59693.28596059978,1939285962415015005,2,1939285962415,20.239882,1,1939,0.1493822,16.625517,15.794543,16.6918,0.042020418,100.0,0.019546581,0.0168,187.9797801,32.544527,0.93,t17_f5_c3,0.9999851,16.6911,0.0199,672120224.0,True,True,False,correction_1.0.6,0.0,,ZTF18aaavffc
ztf,59693.34276620019,1939342762415015007,1,1939342762415,20.449795,1,1939,0.1558962,16.815695,16.20851,16.8567,0.042266127,0.0145670865,0.024161205,0.0164,187.9797819,32.5445226,0.94,t17_f5_c3,0.9999942,16.833,0.019,672120124.0,True,True,False,correction_1.0.6,0.0,,ZTF18aaavffc
ztf,59695.24837959977,1941248372415015009,2,1941248372415,19.57712,1,1941,0.18732685,16.747507,15.849589,16.7823,0.046393298,100.0,0.020290285,0.0373,187.9797965,32.544538,0.7942857,t17_f5_c3,0.99993706,16.7469,0.045,672120224.0,True,True,False,correction_1.0.6,0.0,,ZTF18aaavffc
ztf,59695.34831020003,1941348312415015002,1,1941348312415,18.84003,1,1941,0.14828502,17.051632,16.337051,17.3038,0.06395788,0.025019161,0.033117842,0.1012,187.9797944,32.5445336,0.82285714,t17_f5_c3,0.99924684,17.2525,0.1224,672120124.0,True,True,False,correction_1.0.6,0.0,,ZTF18aaavffc
ztf,59697.26768520009,1943267682415015012,1,1943267682415,20.956097,1,1943,0.15027136,16.858252,16.232634,16.8808,0.03292429,100.0,0.018504143,0.014,187.9797788,32.5445237,0.9285714,t17_f5_c3,0.9992003,16.8605,0.0157,672120124.0,True,True,False,correction_1.0.6,0.0,,ZTF18aaavffc
ztf,59699.30442130007,1945304422415015009,2,1945304422415,20.635035,1,1945,0.13806015,16.703615,15.830174,16.7109,0.038170673,100.0,0.017074717,0.015,187.979774,32.5445209,0.9071429,t17_f5_c3,0.99994564,16.7192,0.0176,672120224.0,True,True,False,correction_1.0.6,0.0,,ZTF18aaavffc
ztf,59699.38681709999,1945386812415015009,1,1945386812415,20.570091,1,1945,0.14979626,16.804905,16.20233,16.8412,0.034944456,0.005922662,0.020060785,0.0171,187.9797844,32.5445276,0.9285714,t17_f5_c3,0.9999759,16.8111,0.0198,672120124.0,True,True,False,correction_1.0.6,0.0,,ZTF18aaavffc
ztf,59701.30113429995,1947301132415015014,1,1947301132415,20.561419,1,1947,0.18277717,16.813868,16.207466,16.8357,0.044152807,0.016343582,0.02525791,0.0142,187.9797597,32.5445119,0.9242857,t17_f5_c3,0.99992895,16.8246,0.0163,672120124.0,True,True,False,correction_1.0.6,0.0,,ZTF18aaavffc
ztf,59701.34872689983,1947348722415015007,1,1947348722415,20.545542,1,1947,0.22042398,16.800156,16.1996,16.8146,0.043614473,0.01623963,0.02508467,0.0142,187.9797823,32.5445048,0.9128571,t17_f5_c3,0.999958,16.7964,0.0162,672120124.0,True,True,False,correction_1.0.6,0.0,,ZTF18aaavffc
ztf,59707.24567130022,1953245672415015014,2,1953245672415,20.328547,1,1953,0.12746187,16.56796,15.767389,16.6232,0.03542333,100.0,0.016945759,0.0147,187.9797697,32.5445245,0.9028571,t17_f5_c3,0.99999845,16.6138,0.0171,672120224.0,True,True,False,correction_1.0.6,0.0,,ZTF18aaavffc
ztf,59707.25964119984,1953259642415015010,2,1953259642415,20.426788,1,1953,0.149689,16.579058,15.772684,16.631,0.036445543,100.0,0.017341834,0.0146,187.9797802,32.5445314,0.9071429,t17_f5_c3,0.99999785,16.618,0.0169,672120224.0,True,True,False,correction_1.0.6,0.0,,ZTF18aaavffc
ztf,59709.209085599985,1955209082415015007,2,1955209082415,19.999636,1,1955,0.15735711,16.57592,15.77119,16.5985,0.035034206,100.0,0.016695531,0.0185,187.9797783,32.5445202,0.88285714,t17_f5_c3,0.9999988,16.5799,0.0222,672120224.0,True,True,False,correction_1.0.6,0.0,,ZTF18aaavffc
ztf,59709.275254600216,1955275252415015004,2,1955275252415,20.009102,1,1955,0.15779056,16.588955,15.777382,16.6348,0.03512296,100.0,0.016632674,0.0205,187.979786,32.5445389,0.94,t17_f5_c3,0.99999964,16.636,0.0252,672120224.0,True,True,False,correction_1.0.6,0.0,,ZTF18aaavffc
ztf,59711.204502299894,1957204502415015005,1,1957204502415,19.656374,1,1957,0.1761622,16.644922,16.107628,16.6721,0.036486078,0.013646843,0.02224383,0.0251,187.9797851,32.544518,0.9557143,t17_f5_c3,0.9999732,16.6334,0.0304,672120124.0,True,True,False,correction_1.0.6,0.0,,ZTF18aaavffc
ztf,59711.27655090019,1957276552415015009,2,1957276552415,19.455164,1,1957,0.10320505,16.486422,15.727618,16.549,0.042058986,100.0,0.020909207,0.0232,187.9797709,32.5445303,0.91,t17_f5_c3,0.99999523,16.5432,0.0288,672120224.0,True,True,False,correction_1.0.6,0.0,,ZTF18aaavffc
ztf,59713.25827550003,1959258272415015010,2,1959258272415,19.730051,1,1959,0.15836272,16.501982,15.735326,16.584,0.043261994,0.001866089,0.021352284,0.0245,187.9797878,32.5445399,0.92142856,t17_f5_c3,0.99999094,16.587,0.0306,672120224.0,True,True,False,correction_1.0.6,0.0,,ZTF18aaavffc
ztf,59715.192187500186,1961192182415015011,2,1961192182415,20.643583,1,1961,0.1553,16.553844,15.760614,16.569,0.04240904,100.0,0.020425197,0.0134,187.9797779,32.5445206,0.8914286,t17_f5_c3,0.99934155,16.5509,0.0153,672120224.0,True,True,False,correction_1.0.6,0.0,,ZTF18aaavffc
ztf,59715.2353356001,1961235332415015009,1,1961235332415,20.164864,1,1961,0.16704407,16.72723,16.15706,16.7227,0.034436654,0.008769151,0.02036823,0.0199,187.9797692,32.5445173,0.92285717,t17_f5_c3,0.9991186,16.7069,0.0241,672120124.0,True,True,False,correction_1.0.6,0.0,,ZTF18aaavffc
ztf,59722.24707179982,1968247072415015008,1,1968247072415,20.8221,1,1968,0.112739,16.7791,16.18744,16.8153,0.041229,0.014634266,0.023907755,0.0142,187.9797686,32.5445329,0.881429,t17_f5_c3,,16.8011,0.0162,,False,True,False,correction_1.0.6,0.0,1.970216092415015e+18,ZTF18aaavffc
ztf,59722.24707179982,1968247072415025008,1,1968247072415,20.822083,1,1968,0.112738535,16.779127,16.187456,16.8153,0.041228916,0.014633436,0.02390746,0.0142,187.9797686,32.5445329,0.8814286,t17_f5_c3,0.9993344,16.8011,0.0162,672120124.0,True,True,False,correction_1.0.6,0.0,,ZTF18aaavffc
ztf,59722.25844909996,1968258442415015018,1,1968258442415,20.7673,1,1968,0.13045,16.7851,16.190916,16.8098,0.034033,0.005286468,0.019689117,0.0143,187.9797817,32.5445325,0.917143,t17_f5_c3,,16.7958,0.0164,,False,True,False,correction_1.0.6,0.0,1.970216092415015e+18,ZTF18aaavffc
ztf,59722.25844909996,1968258442415025018,1,1968258442415,20.767334,1,1968,0.13044965,16.785055,16.19089,16.8098,0.034033168,0.005289791,0.019689564,0.0143,187.9797817,32.5445325,0.91714287,t17_f5_c3,0.99944055,16.7958,0.0164,672120124.0,True,True,False,correction_1.0.6,0.0,,ZTF18aaavffc
ztf,59724.21609950019,1970216092415015013,1,1970216092415,20.745628,1,1970,0.17888264,16.76932,16.181759,16.7958,0.042098552,0.015708728,0.024504313,0.0144,187.9797789,32.5445159,0.9028571,t17_f5_c3,0.99170864,16.7814,0.0165,672120124.0,True,True,False,correction_1.0.6,0.0,,ZTF18aaavffc
ztf,59724.26745369984,1970267452415015012,2,1970267452415,20.600298,1,1970,0.13242358,16.647572,15.804747,16.6937,0.04198578,100.0,0.019318447,0.0153,187.9797832,32.5445399,0.8585714,t17_f5_c3,0.9999299,16.6805,0.0177,672120224.0,True,True,False,correction_1.0.6,0.0,,ZTF18aaavffc
ztf,59726.24701389996,1972247012415015015,1,1972247012415,20.9642,1,1972,0.09175,16.7232,16.154675,16.7528,0.041422,0.016296592,0.024536988,0.0129,187.9797762,32.5445427,0.914286,t17_f5_c3,,16.7475,0.0147,,False,True,False,1.1.2,0.0,1.976201822415015e+18,ZTF18aaavffc
ztf,59730.201828700025,1976201822415015008,1,1976201822415,20.821947,1,1976,0.13253403,16.602919,16.081827,16.6213,0.039719842,0.017604439,0.024579395,0.012,187.9797773,32.5445298,0.9185714,t17_f5_c3,0.9944631,16.6136,0.0137,672120124.0,True,True,False,1.1.2,0.0,,ZTF18aaavffc
ztf,59732.18778940011,1978187782415015008,1,1978187782415,20.79586,1,1978,0.15078297,16.564178,16.057692,16.578,0.031318564,0.010218168,0.019642975,0.012,187.9797679,32.5445219,0.8814286,t17_f5_c3,0.9984898,16.5663,0.0137,672120124.0,True,True,False,1.1.2,0.0,,ZTF18aaavffc
ztf,59734.20513889985,1980205132415015006,1,1980205132415,20.531084,1,1980,0.13048533,16.597095,16.07822,16.6152,0.0398712,0.017859675,0.024723466,0.014,187.9797675,32.5445275,0.9085714,t17_f5_c3,0.9996431,16.5965,0.0163,672120124.0,True,True,False,1.1.2,0.0,,ZTF18aaavffc
ztf,59734.224965299945,1980224962415015005,2,1980224962415,20.068747,1,1980,0.08384319,16.53218,15.750126,16.506,0.043913227,100.0,0.021368474,0.0184,187.9797617,32.5445429,0.9071429,t17_f5_c3,0.99999434,16.4887,0.0219,672120224.0,True,True,False,1.1.2,0.0,,ZTF18aaavffc
ztf,59736.25690970011,1982256902415015010,1,1982256902415,20.263264,1,1982,0.20570284,16.693413,16.136932,16.7078,0.035260625,0.010972572,0.021120185,0.0157,187.9797798,32.5445085,0.89,t17_f5_c3,0.99999636,16.6917,0.0186,672120124.0,True,True,False,1.1.2,0.0,,ZTF18aaavffc
ztf,59738.198368099984,1984198362415015006,1,1984198362415,19.828356,1,1984,0.23408978,16.731226,16.159422,16.7484,0.05015226,0.023191378,0.029618917,0.0213,187.9797663,32.5444978,0.93714285,t17_f5_c3,0.99974394,16.7374,0.026,672120124.0,True,True,False,1.1.2,0.0,,ZTF18aaavffc
ztf,59738.256817100104,1984256812415015008,2,1984256812415,20.067385,1,1984,0.12474065,16.59142,15.778548,16.5996,0.03161642,100.0,0.014954243,0.0195,187.9797738,32.5445322,0.9442857,t17_f5_c3,0.99999726,16.6024,0.0239,672120224.0,True,True,False,1.1.2,0.0,,ZTF18aaavffc
ztf,59740.193136599846,1986193132415015007,2,1986193132415,19.843939,1,1986,0.09630111,16.575775,15.771121,16.6202,0.03449872,100.0,0.016441496,0.0218,187.9797643,32.5445339,0.9085714,t17_f5_c3,0.9999994,16.6082,0.0266,672120224.0,True,True,False,1.1.2,0.0,,ZTF18aaavffc
ztf,59740.24335649982,1986243352415015002,1,1986243352415,19.850706,1,1986,0.07180829,16.77836,16.187012,16.8052,0.036360886,0.009364235,0.021090886,0.0268,187.9797776,32.5445485,0.93142855,t17_f5_c3,0.99993736,16.7701,0.0326,672120124.0,True,True,False,1.1.2,0.0,,ZTF18aaavffc
ztf,59742.23872689996,1988238722415015007,2,1988238722415,19.49353,1,1988,0.16972747,16.565573,15.766247,16.5992,0.042648174,100.0,0.020425376,0.0243,187.9797818,32.544517,0.93857145,t17_f5_c3,0.9999858,16.5948,0.0302,672120224.0,True,True,False,1.1.2,0.0,,ZTF18aaavffc
ztf,59742.297048599925,1988297042415015002,1,1988297042415,19.195282,1,1988,0.1494386,16.728392,16.157747,16.7734,0.0368991,0.011726303,0.021815153,0.0369,187.9797661,32.5445218,0.9457143,t17_f5_c3,0.99997365,16.7786,0.0471,672120124.0,True,True,False,1.1.2,0.0,,ZTF18aaavffc
ztf,59747.30297450023,1993302972415015005,1,1993302972415,19.667395,1,1993,0.11945253,16.665352,16.120037,16.6847,0.038277414,0.0148624685,0.023164172,0.0281,187.9797766,32.544533,0.9442857,t17_f5_c3,0.9997327,16.6741,0.0349,672120124.0,True,True,False,1.1.2,0.0,,ZTF18aaavffc
ztf,59749.18783560023,1995187832415015003,2,1995187832415,20.401728,1,1995,0.20180546,16.61689,15.790522,16.6282,0.037044592,100.0,0.017305233,0.0149,187.9797927,32.544516,0.9185714,t17_f5_c3,0.9999914,16.626,0.0175,672120224.0,True,True,False,1.1.2,0.0,,ZTF18aaavffc
ztf,59749.23728010012,1995237282415015016,1,1995237282415,20.326948,1,1995,0.23884785,16.756346,16.174187,16.772,0.033346213,0.005631277,0.019506674,0.016,187.9798032,32.544508,0.91714287,t17_f5_c3,0.99997544,16.7402,0.0186,672120124.0,True,True,False,1.1.2,0.0,,ZTF18aaavffc
ztf,59753.23773150006,1999237732415015014,1,1999237732415,20.55265,1,1999,0.08482658,16.80817,16.204203,16.8399,0.04372602,0.016120588,0.025069911,0.0174,187.9797839,32.5445457,0.87857145,t17_f5_c3,0.9997873,16.8242,0.0205,672120124.0,True,True,False,1.1.2,0.0,,ZTF18aaavffc
ztf,59876.521284699906,2122521282415015003,2,2122521282415,19.501677,1,2122,0.28127265,17.532734,16.126553,17.6069,0.055864993,100.0,0.015299151,0.052,187.9798258,32.5445242,0.9142857,t17_f5_c3,0.99996984,17.6117,0.065,672120224.0,True,True,False,1.1.6,0.0,,ZTF18aaavffc
ztf,59876.52376159979,2122523762415015002,2,2122523762415,19.466301,1,2122,0.7175048,17.68413,16.16596,17.6324,0.07139642,100.0,0.017636338,0.0524,187.9799743,32.5445303,0.6542857,t17_f5_c3,0.9967121,17.5775,0.062,672120224.0,True,True,False,1.1.6,0.0,,ZTF18aaavffc
ztf,59876.52623840002,2122526232415015004,2,2122526232415,19.528564,1,2122,0.8108775,17.669357,16.162292,17.5812,0.07149939,100.0,0.017843341,0.0504,187.9799814,32.5444502,0.86,t17_f5_c3,0.9995314,17.6204,0.0649,672120224.0,True,True,False,1.1.6,0.0,,ZTF18aaavffc
ztf,59876.52871529991,2122528712415015003,2,2122528712415,19.605505,1,2122,0.5677905,17.554981,16.1326,17.5047,0.054762226,100.0,0.0147750415,0.0469,187.9799112,32.5444856,0.9042857,t17_f5_c3,0.99995744,17.5033,0.0582,672120224.0,True,True,False,1.1.6,0.0,,ZTF18aaavffc
ztf,59876.53119210014,2122531192415015005,2,2122531192415,19.582201,1,2122,0.6439049,17.6018,16.145035,17.4791,0.06389716,100.0,0.016702255,0.0458,187.9799361,32.5444806,0.9142857,t17_f5_c3,0.9999888,17.4631,0.0561,672120224.0,True,True,False,1.1.6,0.0,,ZTF18aaavffc
ztf,59877.525902799796,2123525902415015003,2,2123525902415,19.913387,1,2123,0.22880583,17.506975,16.119438,17.4679,0.054884244,100.0,0.015290885,0.0429,187.9798101,32.5445319,0.9685714,t17_f5_c3,1.0,17.446,0.052,672120224.0,True,True,False,1.1.6,0.0,,ZTF18aaavffc
ztf,59877.53356479993,2123533562415015004,2,2123533562415,19.749252,1,2123,0.5230983,17.597815,16.143991,17.4412,0.06764366,100.0,0.017729554,0.0456,187.9799078,32.5445215,0.80857146,t17_f5_c3,0.9998486,17.467,0.0582,672120224.0,True,True,False,1.1.6,0.0,,ZTF18aaavffc
ztf,59878.52109949989,2124521092415015006,2,2124521092415,19.748926,1,2124,0.29805475,17.469158,16.108768,17.4637,0.04697699,100.0,0.0134192845,0.0439,187.9798352,32.5445212,0.94714284,t17_f5_c3,0.9999982,17.4731,0.0549,672120224.0,True,True,False,1.1.6,0.0,,ZTF18aaavffc
ztf,59878.52365740016,2124523652415015002,2,2124523652415,19.795359,1,2124,0.4800784,17.460718,16.106352,17.4366,0.056296375,100.0,0.016170876,0.0429,187.9798957,32.5445485,0.96,t17_f5_c3,0.9999974,17.4199,0.0524,672120224.0,True,True,False,1.1.6,0.0,,ZTF18aaavffc
ztf,59878.526203699876,2124526202415015004,2,2124526202415,19.832993,1,2124,0.26097846,17.430092,16.097466,17.4369,0.043527286,100.0,0.012755891,0.0428,187.9798077,32.5445069,0.9514286,t17_f5_c3,0.9999995,17.4255,0.0525,672120224.0,True,True,False,1.1.6,0.0,,ZTF18aaavffc
ztf,59878.528761600144,2124528762415015003,2,2124528762415,19.814693,1,2124,0.24856052,17.50447,16.11874,17.4671,0.052266613,100.0,0.01458585,0.0437,187.9798168,32.5445592,0.9442857,t17_f5_c3,0.9999989,17.4589,0.0538,672120224.0,True,True,False,1.1.6,0.0,,ZTF18aaavffc
ztf,59878.53130789986,2124531302415015005,2,2124531302415,19.806093,1,2124,0.5073359,17.469116,16.108757,17.3897,0.04526552,100.0,0.012930749,0.0419,187.9799001,32.544512,0.9457143,t17_f5_c3,0.99999964,17.3856,0.0518,672120224.0,True,True,False,1.1.6,0.0,,ZTF18aaavffc
ztf,59893.492071799934,2139492072415015016,2,2139492072415,18.641785,1,2139,1.5526006,17.766214,,17.8591,0.13148625,,,0.0882,187.9802517,32.5445835,0.3942857,t17_f5_c3,0.9647705,17.7158,0.0981,672120224.0,True,False,True,1.1.6,0.0,,ZTF18aaavffc
ztf,59897.492905099876,2143492902415015005,1,2143492902415,19.361223,1,2143,0.28338915,18.266788,16.802635,18.4243,0.08909741,100.0,0.02313151,0.1219,187.9797564,32.5444836,0.9242857,t17_f5_c3,0.99905425,18.5251,0.1694,672120124.0,True,True,False,1.1.6,0.0,,ZTF18aaavffc
ztf,59909.485694400035,2155485692415015005,1,2155485692415,20.362385,1,2155,0.20545423,18.013409,16.730963,18.0789,0.06605278,100.0,0.020272745,0.0508,187.9798203,32.5445392,0.9671429,t17_f5_c3,0.9998702,18.0525,0.0609,672120124.0,True,True,False,1.1.6,0.0,,ZTF18aaavffc
ztf,59914.48712959979,2160487122415015026,1,2160487122415,20.303349,1,2160,0.4880005,18.220726,16.790487,18.3148,0.06914531,100.0,0.01852113,0.0514,187.9798813,32.5444736,0.87,t17_f5_c3,0.9958832,18.2928,0.0609,672120124.0,True,True,False,1.1.6,0.0,,ZTF18aaavffc
ztf,59923.43239580002,2169432392415015009,1,2169432392415,19.367216,1,2169,0.29787108,18.205372,16.786354,18.1462,0.07486877,100.0,0.02026252,0.1181,187.9798256,32.5445018,0.9557143,t17_f5_c3,0.99997747,18.2038,0.1586,672120124.0,True,True,False,1.1.6,0.0,,ZTF18aaavffc
ztf,59930.49851850001,2176498512415015013,1,2176498512415,19.855673,1,2176,0.24531241,18.19452,16.783407,18.1632,0.07760535,100.0,0.0211566,0.0727,187.9798022,32.5445053,0.9257143,t17_f5_c3,0.9993841,18.1214,0.0875,672120124.0,True,True,False,1.1.6,0.0,,ZTF18aaavffc
ztf,59933.435011600144,2179435012415015039,1,2179435012415,20.0027,1,2179,0.119657,18.0854,16.752554,18.1713,0.06715,100.0,0.019674687,0.0756,187.979762,32.5445297,0.941429,t17_f5_c3,,18.248,0.1009,,False,True,False,1.1.6,0.0,2.179508642415015e+18,ZTF18aaavffc
ztf,59933.50864579994,2179508642415015025,2,2179508642415,19.147507,1,2179,0.2500407,17.880817,16.211334,18.1443,0.11485775,100.0,0.024681233,0.1681,187.9798134,32.5445708,0.76857144,t17_f5_c3,0.99999094,18.1768,0.2192,672120224.0,True,True,False,1.1.6,0.0,,ZTF18aaavffc
ztf,59935.45281249983,2181452812415015020,1,2181452812415,20.740019,1,2181,0.09020195,17.9061,16.696884,17.9987,0.076726325,100.0,0.02519177,0.04,187.9797927,32.5445623,0.9557143,t17_f5_c3,0.99992883,18.015,0.0488,672120124.0,True,True,False,1.1.6,0.0,,ZTF18aaavffc
ztf,59937.496076399926,2183496072415015010,1,2183496072415,20.622158,1,2183,0.14549583,17.795202,16.65921,17.861,0.07274142,100.0,0.025549661,0.034,187.9797957,32.5445374,0.9628571,t17_f5_c3,0.99999404,17.8491,0.0403,672120124.0,True,True,False,1.1.6,0.0,,ZTF18aaavffc
ztf,59953.466250000056,2199466242415015111,2,2199466242415,18.134789,1,2199,0.49861205,17.751612,16.182243,18.0893,0.11884812,100.0,0.0280056,0.4088,187.9798952,32.5445066,0.56285715,t17_f5_c3,0.99707735,17.9807,0.4745,672120224.0,True,True,False,1.1.6,0.0,,ZTF18aaavffc
ztf,59957.45378470002,2203453782415015016,1,2203453782415,19.86135,1,2203,0.16706952,18.532085,16.86553,18.4775,0.08509992,100.0,0.018336097,0.1158,187.9798191,32.5445674,0.9785714,t17_f5_c3,0.99950045,18.5454,0.156,672120124.0,True,True,False,1.1.6,0.0,,ZTF18aaavffc
ztf,59967.42643520003,2213426432415015005,2,2213426432415,19.835629,1,2213,1.0567316,18.0034,16.236532,18.1948,0.08492507,100.0,0.016683558,0.0601,187.9800614,32.544659,0.69714284,t17_f5_c3,0.9998965,18.1264,0.0687,672120224.0,True,True,False,1.1.6,0.0,,ZTF18aaavffc
ztf,59969.39234950021,2215392342415015005,1,2215392342415,20.400381,1,2215,0.40843236,18.87365,16.930584,18.8264,0.11019808,100.0,0.0184055,0.0856,187.9798938,32.5445726,0.9785714,t17_f5_c3,0.9994606,18.8256,0.1046,672120124.0,True,True,False,1.1.6,0.0,,ZTF18aaavffc
ztf,59971.391979199834,2217391972415015006,1,2217391972415,20.426357,1,2217,0.56808066,18.920511,16.93827,18.8822,0.1086152,100.0,0.017498247,0.0876,187.9798521,32.5444225,0.93714285,t17_f5_c3,0.9958538,18.8596,0.1048,672120124.0,True,True,False,1.1.6,0.0,,ZTF18aaavffc
ztf,59977.375405100174,2223375402415015003,2,2223375402415,19.70509,1,2223,0.49469605,18.344,16.29554,18.6082,0.09774124,100.0,0.014814732,0.1184,187.9798759,32.5446188,0.89857143,t17_f5_c3,0.9999925,18.6665,0.1559,672120224.0,True,True,False,1.1.6,0.0,,ZTF18aaavffc
ztf,59977.48238429986,2223482382415015011,1,2223482382415,19.901472,1,2223,0.26830116,19.072306,16.961336,19.0596,0.10710119,100.0,0.015325216,0.1598,187.979845,32.5445806,0.95714283,t17_f5_c3,0.99992216,19.0184,0.194,672120124.0,True,True,False,1.1.6,0.0,,ZTF18aaavffc
ztf,59985.43482640013,2231434822415015006,1,2231434822415,19.72881,1,2231,0.29365727,18.88987,16.933275,19.0785,0.115112655,100.0,0.018988276,0.178,187.9798356,32.5445077,0.9614286,t17_f5_c3,0.9999715,19.0723,0.2239,672120124.0,True,True,False,1.1.6,0.0,,ZTF18aaavffc
ztf,59993.38484949991,2239384842415015008,1,2239384842415,18.699326,1,2239,0.17837511,18.350422,16.823738,18.0853,0.1879582,0.031114612,0.04606673,0.2084,187.9798158,32.5445518,0.78571427,t17_f5_c3,0.9950547,17.9275,0.2293,672120124.0,True,True,False,1.1.6,0.0,,ZTF18aaavffc
ztf,59996.39204860013,2242392042415015004,1,2242392042415,18.87726,1,2242,0.14475547,18.068144,16.747469,17.8175,0.17655624,0.041640475,0.052313466,0.1682,187.9797758,32.5445246,0.78,t17_f5_c3,0.9886834,17.9673,0.2446,672120124.0,True,True,False,1.1.6,0.0,,ZTF18aaavffc
ztf,60016.330000000075,2262330002415015012,1,2262330002415,18.3457,1,2262,0.117687,18.3777,16.83036,18.3858,0.238155,0.045952212,0.057269495,0.4074,187.9797742,32.5445941,0.734286,t17_f5_c3,,18.2825,0.4741,,False,True,False,1.1.6,0.0,2.266499392415015e+18,ZTF18aaavffc
ztf,60020.49939810019,2266499392415015011,1,2266499392415,20.09595,1,2266,0.28826505,18.505775,16.859806,18.5439,0.072422184,100.0,0.015903186,0.0903,187.9798446,32.5445281,0.9557143,t17_f5_c3,0.9998009,18.5424,0.1118,672120124.0,True,True,False,1.1.6,0.0,,ZTF18aaavffc
ztf,60029.39520830009,2275395202415015011,1,2275395202415,20.435455,1,2275,0.12826294,18.311218,16.813997,18.3731,0.07702086,100.0,0.019396344,0.0565,187.9797995,32.544555,0.96428573,t17_f5_c3,0.99999094,18.4482,0.0733,672120124.0,True,True,False,1.1.6,0.0,,ZTF18aaavffc
ztf,60032.301342600025,2278301342415015016,1,2278301342415,20.456074,1,2278,0.21927482,18.307322,16.813015,18.3333,0.06311561,100.0,0.01593727,0.0614,187.9798143,32.5445202,0.95428574,t17_f5_c3,0.999861,18.3063,0.0738,672120124.0,True,True,False,1.1.6,0.0,,ZTF18aaavffc
ztf,60042.25662040012,2288256622415015015,1,2288256622415,18.999645,1,2288,0.1697745,18.033724,16.737158,18.1775,0.12007947,0.018424947,0.036378272,0.195,187.9798199,32.5445577,0.9014286,t17_f5_c3,0.9897733,18.3253,0.2857,672120124.0,True,True,False,1.1.6,0.0,,ZTF18aaavffc
ztf,60050.34923609998,2296349232415015007,1,2296349232415,20.755342,1,2296,0.078945436,17.949724,16.711016,18.0109,0.06309468,100.0,0.020160882,0.0389,187.9797847,32.544557,0.95857143,t17_f5_c3,0.9999437,17.947,0.0439,672120124.0,True,True,False,1.1.6,0.0,,ZTF18aaavffc
ztf,60052.34099540021,2298340992415015003,1,2298340992415,20.826103,1,2298,0.17205052,18.001505,16.727295,18.1105,0.06533225,100.0,0.02020429,0.0386,187.9797972,32.544528,0.9628571,t17_f5_c3,0.999997,18.085,0.0445,672120124.0,True,True,False,1.1.6,0.0,,ZTF18aaavffc
ztf,60054.345891200006,2300345892415015004,1,2300345892415,20.418825,1,2300,0.216886,17.993279,16.724745,18.1126,0.08060321,100.0,0.02505755,0.0453,187.9798157,32.5445265,0.9685714,t17_f5_c3,0.99997115,18.1073,0.0547,672120124.0,True,True,False,1.1.6,0.0,,ZTF18aaavffc
ztf,60058.32206019992,2304322062415015006,1,2304322062415,20.800894,1,2304,0.2024836,18.013638,16.731033,18.0697,0.06409754,100.0,0.019669773,0.0398,187.9798254,32.5445664,0.95714283,t17_f5_c3,0.999982,18.0629,0.0471,672120124.0,True,True,False,1.2.0,0.0,,ZTF18aaavffc
ztf,60060.392002299894,2306392002415015032,1,2306392002415,20.392025,1,2306,0.12834929,17.850018,16.67815,17.9113,0.05635438,100.0,0.019150529,0.0419,187.979772,32.5445292,0.9357143,t17_f5_c3,0.9999827,17.93,0.0517,672120124.0,True,True,False,1.2.0,0.0,,ZTF18aaavffc
ztf,60062.42971060006,2308429712415015012,1,2308429712415,20.372889,1,2308,0.21439403,17.798481,16.66036,17.7807,0.05093733,100.0,0.017856168,0.0414,187.9798275,32.5445493,0.9685714,t17_f5_c3,0.99998844,17.7526,0.0494,672120124.0,True,True,False,1.2.0,0.0,,ZTF18aaavffc
ztf,60064.25297449995,2310252972415015012,1,2310252972415,19.964739,1,2310,0.098771475,17.82771,16.670517,17.9545,0.06375878,100.0,0.021961575,0.0674,187.9797839,32.5445463,0.9657143,t17_f5_c3,0.9999342,17.9762,0.0865,672120124.0,True,True,False,1.2.0,0.0,,ZTF18aaavffc
ztf,60067.28302079998,2313283022415015009,1,2313283022415,19.118813,1,2313,0.17265363,17.964737,16.71579,18.0398,0.09789207,0.0037709593,0.03098625,0.1104,187.9798194,32.5445604,0.9557143,t17_f5_c3,0.99547994,18.0539,0.1425,672120124.0,True,True,False,1.2.0,0.0,,ZTF18aaavffc
ztf,60076.283680600114,2322283682415015018,1,2322283682415,20.874922,1,2322,0.15278324,17.94539,16.70963,17.982,0.06691597,100.0,0.021440025,0.036,187.9797979,32.544537,0.9557143,t17_f5_c3,0.99996686,17.9477,0.0414,672120124.0,True,True,False,1.2.0,0.0,,ZTF18aaavffc
ztf,60080.26652779989,2326266522415015008,1,2326266522415,20.66993,1,2326,0.07293108,18.195513,16.783676,18.2935,0.09133301,100.0,0.024882462,0.0539,187.9797748,32.5445485,0.9685714,t17_f5_c3,0.99991584,18.3234,0.0668,672120124.0,True,True,False,1.2.0,0.0,,ZTF18aaavffc
ztf,60082.2583217998,2328258322415015009,1,2328258322415,19.544767,1,2328,0.25148198,18.5216,16.863262,18.9979,0.15651733,100.0,0.033980284,0.2632,187.9798415,32.5445694,0.80714285,t17_f5_c3,0.9995016,19.0382,0.3445,672120124.0,True,True,False,1.2.0,0.0,,ZTF18aaavffc
ztf,60086.21934030019,2332219342415015010,1,2332219342415,20.852358,1,2332,0.117228076,19.127031,16.847149,19.0133,0.11248405,100.0,0.013776475,0.0953,187.979785,32.5445515,0.89428574,t17_f5_c3,0.9993912,18.8855,0.1022,1000672130124.0,True,True,False,1.2.0,0.0,,ZTF18aaavffc
ztf,60086.269861099776,2332269862415015006,1,2332269862415,20.867928,1,2332,0.06742883,18.275461,16.80488,18.2954,0.0765312,100.0,0.019751783,0.0482,187.9797787,32.5445561,0.9628571,t17_f5_c3,0.99990034,18.285,0.0568,672120124.0,True,True,False,1.2.0,0.0,,ZTF18aaavffc
ztf,60088.27826389996,2334278262415015011,1,2334278262415,20.909344,1,2334,0.11186153,18.364244,16.827108,18.3449,0.08348039,100.0,0.020264233,0.048,187.9797942,32.544556,0.9657143,t17_f5_c3,0.999716,18.3183,0.0556,672120124.0,True,True,False,1.2.0,0.0,,ZTF18aaavffc
ztf,60090.19907409977,2336199072415015003,2,2336199072415,19.849657,1,2336,0.5120704,17.78365,16.189709,17.8565,0.05672675,100.0,0.013068064,0.0479,187.9798782,32.5446247,0.8485714,t17_f5_c3,0.9999833,17.8225,0.0567,672120224.0,True,True,False,1.2.0,0.0,,ZTF18aaavffc
ztf,60092.36958329985,2338369582415015007,1,2338369582415,20.150177,1,2338,0.18466063,18.25563,16.799728,18.2513,0.090526804,100.0,0.023681877,0.0712,187.9798076,32.5445326,0.9628571,t17_f5_c3,0.99932444,18.184,0.0831,672120124.0,True,True,False,1.2.0,0.0,,ZTF18aaavffc
ztf,60098.20746529987,2344207462415015002,1,2344207462415,19.61793,1,2344,0.15126847,18.206232,16.786587,18.5523,0.07317708,100.0,0.019793238,0.1544,187.9798048,32.5445475,0.95,t17_f5_c3,0.9998117,18.5705,0.1999,672120124.0,True,True,False,1.2.0,0.0,,ZTF18aaavffc
ztf,60102.19292820012,2348192922415015055,2,2348192922415,19.208143,1,2348,0.19411077,17.840393,16.202518,17.9298,0.09234338,100.0,0.020429432,0.1075,187.9797968,32.544563,0.8442857,t17_f5_c3,0.99981654,17.8208,0.1219,672120224.0,True,True,False,1.2.0,0.0,,ZTF18aaavffc
ztf,60109.2255092999,2355225502415015015,1,2355225502415,20.626406,1,2355,0.1571663,18.64738,16.889359,18.7498,0.0891583,100.0,0.017658453,0.0792,187.9798063,32.5445463,0.94714284,t17_f5_c3,0.99997586,18.6986,0.092,672120124.0,True,True,False,1.2.0,0.0,,ZTF18aaavffc
ztf,60115.2412963002,2361241292415015009,1,2361241292415,20.52264,1,2361,0.2731612,18.527426,16.864525,18.7216,0.08752688,100.0,0.018922599,0.0828,187.979849,32.5445641,0.9685714,t17_f5_c3,0.9998068,18.7592,0.1051,672120124.0,True,True,False,1.2.0,0.0,,ZTF18aaavffc
ztf,60124.26020829985,2370260202415015004,1,2370260202415,19.400793,1,2370,0.23272279,18.35119,16.823925,18.3376,0.09167303,100.0,0.022456165,0.1226,187.9798242,32.5445974,0.9457143,t17_f5_c3,0.9994117,18.3836,0.1625,672120124.0,True,True,False,1.2.0,0.0,,ZTF18aaavffc
ztf,60128.20398150012,2374203982415015002,1,2374203982415,19.312338,1,2374,0.08318445,18.330406,16.818798,18.3782,0.09215112,100.0,0.022901138,0.1603,187.9797778,32.5445471,0.95428574,t17_f5_c3,0.99979717,18.3701,0.2032,672120124.0,True,True,False,1.2.0,0.0,,ZTF18aaavffc
ztf,60241.52028940013,2487520282415015006,2,2487520282415,19.323387,1,2487,0.7635451,17.62567,16.151224,17.5231,0.075065315,100.0,0.019304603,0.0486,187.9799826,32.5444922,0.68857145,t17_f5_c3,0.99816346,17.489,0.0586,672120224.0,True,True,False,1.2.1,0.0,,ZTF18aaavffc
ztf,60249.513761600014,2495513762415015015,1,2495513762415,18.61199,1,2495,0.42345753,17.745958,16.641659,17.8502,0.12398695,0.034428928,0.04483902,0.1204,187.9798429,32.5444681,0.7242857,t17_f5_c3,0.9916477,17.8445,0.1528,672120124.0,True,True,False,1.2.1,0.0,,ZTF18aaavffc
ztf,60287.52140050009,2533521402415015007,1,2533521402415,20.252523,1,2533,0.30912566,18.672428,16.894274,18.6583,0.09398915,100.0,0.018273247,0.0757,187.9798437,32.5445149,0.9628571,t17_f5_c3,0.99974144,18.6921,0.0956,672120124.0,True,True,False,23.12.x,0.0,,ZTF18aaavffc
ztf,60289.45291669993,2535452912415015002,1,2535452912415,19.318943,1,2535,0.2935905,18.532082,16.865528,18.3582,0.13857247,100.0,0.029857669,0.1718,187.9798426,32.5445218,0.87285715,t17_f5_c3,0.9991573,18.3271,0.2117,672120124.0,True,True,False,23.12.x,0.0,,ZTF18aaavffc
ztf,60291.47670139978,2537476702415015009,1,2537476702415,20.562778,1,2537,0.20407686,18.666956,16.893208,18.6075,0.07536427,100.0,0.014711805,0.0638,187.9798123,32.5445287,0.96428573,t17_f5_c3,0.9997366,18.638,0.079,672120124.0,True,True,False,23.12.x,0.0,,ZTF18aaavffc
ztf,60311.498969899956,2557498962415015012,1,2557498962415,20.11053,1,2557,0.31365606,18.366484,16.827652,18.2724,0.0732575,100.0,0.017754946,0.0727,187.9798401,32.5445087,0.97571427,t17_f5_c3,0.999995,18.1895,0.0844,672120124.0,True,True,False,23.12.x,0.0,,ZTF18aaavffc
ztf,60315.45188659988,2561451882415015004,1,2561451882415,20.383524,1,2561,0.3388694,18.445974,16.84639,18.5084,0.093733475,100.0,0.021481318,0.0671,187.9798658,32.5445349,0.9771429,t17_f5_c3,0.9997519,18.449,0.0779,672120124.0,True,True,False,23.12.x,0.0,,ZTF18aaavffc
ztf,60323.441076400224,2569441072415015008,1,2569441072415,20.261526,1,2569,0.6032568,18.778522,16.914104,18.8683,0.11136246,100.0,0.019997304,0.0853,187.979959,32.5445711,0.87142855,t17_f5_c3,0.9998963,18.8588,0.1032,672120124.0,True,True,False,23.12.x,0.0,,ZTF18aaavffc
ztf,60341.42438660003,2587424382415015005,1,2587424382415,19.942327,1,2587,0.42465493,18.925215,16.939028,18.8927,0.108015604,100.0,0.017338503,0.1243,187.9798889,32.5445177,0.95714283,t17_f5_c3,0.99929774,18.9885,0.1699,672120124.0,True,True,False,23.12.x,0.0,,ZTF18aaavffc
ztf,60424.28766199993,2670287662415015006,1,2670287662415,19.22178,1,2670,0.45383772,18.93781,16.94104,19.1417,0.13493668,100.0,0.021449713,0.3243,187.979897,32.5445129,0.95428574,t17_f5_c3,0.9981717,18.8189,0.3082,672120124.0,True,True,False,24.4.1,0.0,,ZTF18aaavffc
ztf,60446.224919000175,2692224912415015012,1,2692224912415,19.87075,1,2692,0.3580003,18.51584,16.86201,18.4309,0.088984594,100.0,0.019399129,0.0976,187.9798773,32.5445647,0.9671429,t17_f5_c3,0.99962634,18.4174,0.1214,672120124.0,True,True,False,24.4.1,0.0,,ZTF18aaavffc
ztf,60448.215983800124,2694215982415015024,1,2694215982415,19.768642,1,2694,0.27439076,18.675856,16.89494,18.8686,0.12024242,100.0,0.02331798,0.1542,187.9798492,32.544558,0.88857144,t17_f5_c3,0.9997209,19.0562,0.2316,672120124.0,True,True,False,24.4.1,0.0,,ZTF18aaavffc
ztf,60450.3011690001,2696301162415015013,1,2696301162415,19.317385,1,2696,0.07992782,18.593916,16.878557,18.6086,0.13382421,100.0,0.027567122,0.1631,187.9797767,32.544545,0.9357143,t17_f5_c3,0.9991155,18.7662,0.2401,672120124.0,True,True,False,24.4.1,0.0,,ZTF18aaavffc
ztf,60452.26325230021,2698263252415015003,1,2698263252415,19.389524,1,2698,0.28467774,18.518707,16.862633,19.0396,0.10885416,100.0,0.02368184,0.2827,187.9798498,32.5445431,0.87285715,t17_f5_c3,0.9996016,19.0154,0.353,672120124.0,True,True,False,24.4.1,0.0,,ZTF18aaavffc
ztf,60622.4905555998,2868490552415015006,1,2868490552415,19.453415,1,2868,0.9840676,18.329735,16.81863,18.3536,0.10646468,100.0,0.0264706,0.0826,187.9800733,32.5444855,0.7114286,t17_f5_c3,0.9809383,18.3193,0.1001,672120124.0,True,True,False,25.0.0,0.0,,ZTF18aaavffc
ztf,60627.4926041998,2873492602415015009,1,2873492602415,19.904999,1,2873,0.17341045,18.09553,16.755512,18.1344,0.07127095,100.0,0.020744631,0.0629,187.9798009,32.5445306,0.93714285,t17_f5_c3,0.99985766,18.1785,0.0814,672120124.0,True,True,False,25.0.0,0.0,,ZTF18aaavffc
ztf,60631.49018519977,2877490182415015008,1,2877490182415,18.99035,1,2877,0.24806988,18.034504,16.737392,18.0098,0.104669504,0.004491785,0.031693917,0.1219,187.9798116,32.5445101,0.9,t17_f5_c3,0.9961743,17.9272,0.1443,672120124.0,True,True,False,25.0.0,0.0,,ZTF18aaavffc
ztf,60633.53844910022,2879538442415015010,1,2879538442415,19.58474,1,2879,0.21083234,18.014015,16.731148,18.0116,0.08269552,100.0,0.025370864,0.0791,187.9797971,32.544514,0.9628571,t17_f5_c3,0.9999695,17.9492,0.0946,672120124.0,True,True,False,25.0.0,0.0,,ZTF18aaavffc
ztf,60666.43341440009,2912433412415015017,1,2912433412415,18.192276,1,2912,0.03983649,18.07443,16.749329,17.922,0.15318887,0.032206886,0.04520501,0.2966,187.9797472,32.5445566,0.80142856,t17_f5_c3,0.90209657,17.9215,0.3802,672120124.0,True,True,False,26.0.1,0.0,,ZTF18aaavffc
ztf,60668.53120370023,2914531202415015004,1,2914531202415,19.1838,1,2914,0.193417,17.6761,16.615873,17.7106,0.064413,100.0,0.024259554,0.1065,187.9798167,32.544541,0.941429,t17_f5_c3,,17.8087,0.148,,False,True,False,26.0.1,0.0,2.944434792415015e+18,ZTF18aaavffc
ztf,60678.40848380001,2924408482415015027,1,2924408482415,19.509804,1,2924,0.22426748,17.911259,16.698576,17.8248,0.08316127,100.0,0.027217496,0.079,187.979824,32.5445337,0.9114286,t17_f5_c3,0.9999733,17.8383,0.1005,672120124.0,True,True,False,26.0.1,0.0,,ZTF18aaavffc
ztf,60680.45577549981,2926455772415015009,1,2926455772415,20.292679,1,2926,0.31572124,17.842827,16.675701,17.8442,0.06591806,100.0,0.022498533,0.0362,187.9798591,32.5445385,0.93857145,t17_f5_c3,0.9999367,17.8344,0.0435,672120124.0,True,True,False,26.0.1,0.0,,ZTF18aaavffc
ztf,60687.3686573999,2933368652415015006,2,2933368652415,19.02021,1,2933,0.37726063,17.668442,16.162064,17.6963,0.07571521,100.0,0.018907396,0.0672,187.9797845,32.5446434,0.6642857,t17_f5_c3,0.99789417,17.6943,0.0845,672120224.0,True,True,False,26.0.1,0.0,,ZTF18aaavffc
ztf,60698.43479169998,2944434792415015016,1,2944434792415,19.929,1,2944,0.533161,17.99693,16.725878,18.0528,0.08784577,100.0,0.027245848,0.0467,187.9799344,32.5445444,0.7557143,t17_f5_c3,0.9991782,18.0528,0.0573,672120124.0,True,True,False,26.0.1,0.0,,ZTF18aaavffc
ztf,60728.42193289986,2974421932415015012,1,2974421932415,20.296143,1,2974,0.30108812,17.525524,16.556684,17.6835,0.08221943,0.02071393,0.033685166,0.0312,187.979854,32.5445387,0.9242857,t17_f5_c3,0.9999927,17.6768,0.0374,672120124.0,True,True,False,26.0.1,0.0,,ZTF18aaavffc
ztf,60803.4025347,3049402532415015005,1,3049402532415,19.261932,1,3049,0.3872805,17.846006,16.676786,17.785,0.08345948,100.0,0.028430685,0.0855,187.9798546,32.544491,0.94142854,t17_f5_c3,0.99990904,17.8129,0.1116,672120124.0,True,True,False,27.5.6,0.0,,ZTF18aaavffc
ztf,60826.32348380005,3072323482415015021,1,3072323482415,18.633192,1,3072,0.3533114,18.117252,16.761791,18.4053,0.16579115,0.035125256,0.047574762,0.2815,187.9798689,32.5445969,0.7785714,t17_f5_c3,0.99405557,18.1874,0.2942,672120124.0,True,True,False,27.5.6,0.0,,ZTF18aaavffc
ztf,60839.26079860004,3085260792415015009,2,3085260792415,20.022028,1,3085,0.37985587,17.656223,16.158998,17.7686,0.060794335,100.0,0.01530994,0.0552,187.9798621,32.5445466,0.9628571,t17_f5_c3,0.99999857,17.7657,0.0684,672120224.0,True,True,False,27.5.6,0.0,,ZTF18aaavffc
ztf,60839.30927080009,3085309272415015006,1,3085309272415,19.281204,1,3085,0.2656264,18.016644,16.731955,18.0201,0.073288225,100.0,0.022447007,0.1107,187.9798455,32.5445517,0.95,t17_f5_c3,0.9995792,18.127,0.1556,672120124.0,True,True,False,27.5.6,0.0,,ZTF18aaavffc
ztf,60842.22657410009,3088226572415015014,1,3088226572415,20.444616,1,3088,0.100913964,18.021645,16.733484,18.0615,0.05458217,100.0,0.01666427,0.0494,187.9797878,32.5445763,0.9657143,t17_f5_c3,0.99999356,18.0951,0.0625,672120124.0,True,True,False,27.5.6,0.0,,ZTF18aaavffc
ztf,60844.32905089995,3090329052415015009,2,3090329052415,19.652508,1,3090,0.316919,17.675568,16.163837,17.6695,0.0529513,100.0,0.013157849,0.0658,187.9798298,32.544586,0.94714284,t17_f5_c3,0.9999999,17.625,0.0793,672120224.0,True,True,False,27.5.6,0.0,,ZTF18aaavffc
ztf,60846.29012730019,3092290122415015010,1,3092290122415,20.133469,1,3092,0.13377544,17.932503,16.705484,17.9565,0.068610586,100.0,0.0221607,0.0522,187.9798021,32.5445578,0.97,t17_f5_c3,0.99996215,17.9721,0.0656,672120124.0,True,True,False,27.5.6,0.0,,ZTF18aaavffc
ztf,60846.32515050005,3092325152415015006,2,3092325152415,19.69272,1,3092,0.5246211,17.652061,16.15795,17.7208,0.05356616,100.0,0.01352838,0.0564,187.9799105,32.5445422,0.9614286,t17_f5_c3,0.9999995,17.7057,0.0691,672120224.0,True,True,False,27.5.6,0.0,,ZTF18aaavffc
ztf,60848.32122689998,3094321222415015005,1,3094321222415,19.572025,1,3094,0.22545487,17.82975,16.67122,17.7966,0.07038683,100.0,0.024214724,0.0606,187.9798317,32.5445509,0.94,t17_f5_c3,0.9996159,17.6658,0.0674,672120124.0,True,True,False,27.5.6,0.0,,ZTF18aaavffc
ztf,60850.27976850001,3096279762415015002,2,3096279762415,20.060308,1,3096,0.2964269,17.557407,16.133255,17.6072,0.05560197,100.0,0.014977142,0.0455,187.9798337,32.5445549,0.96,t17_f5_c3,0.99999726,17.6462,0.058,672120224.0,True,True,False,27.5.6,0.0,,ZTF18aaavffc
ztf,60850.27976850001,3096279762415025002,2,3096279762415,20.0603,1,3096,0.296427,17.5574,16.133253,17.6072,0.055602,100.0,0.014977227,0.0455,187.9798337,32.5445549,0.96,t17_f5_c3,,17.6462,0.058,,False,True,False,27.5.6,0.0,3.099246202415015e+18,ZTF18aaavffc
ztf,60850.29978010012,3096299782415015006,2,3096299782415,19.950283,1,3096,0.3606238,17.52165,16.123507,17.5454,0.057171226,100.0,0.015773201,0.0494,187.9798509,32.5445171,0.93142855,t17_f5_c3,0.99997175,17.4837,0.0578,672120224.0,True,True,False,27.5.6,0.0,,ZTF18aaavffc
ztf,60853.202604200225,3099202602415015010,1,3099202602415,20.242584,1,3099,0.38122976,17.71346,16.629793,17.7487,0.07144615,100.0,0.026333703,0.0403,187.9798607,32.5445002,0.9628571,t17_f5_c3,0.99996626,17.7363,0.049,672120124.0,True,True,False,27.5.6,0.0,,ZTF18aaavffc
ztf,60853.24620370008,3099246202415015006,2,3099246202415,20.253868,1,3099,0.17717797,17.459427,16.10598,17.5308,0.060212906,100.0,0.017310547,0.0387,187.9797888,32.5445244,0.9185714,t17_f5_c3,0.9999334,17.4575,0.0442,672120224.0,True,True,False,27.5.6,0.0,,ZTF18aaavffc
ztf,60965.537118100096,3211537115115015000,2,3211537115115,18.41594,1,3211,0.26808533,17.485987,16.150604,17.8331,0.1034038,100.0,0.030226216,0.1492,187.9798384,32.5444964,0.7,t17_f5_c3,0.99883604,18.1191,0.248,1669120251.0,True,True,False,27.5.6,0.0,,ZTF18aaavffc
ztf,60965.542118099984,3211542115115015000,2,3211542115115,17.694487,1,3211,0.17318103,17.756681,16.223,17.9485,0.20914894,0.037189513,0.05093112,0.311,187.9797385,32.5444701,0.4842857,t17_f5_c3,0.99977756,18.0746,0.4483,1669120251.0,True,True,False,27.5.6,0.0,,ZTF18aaavffc
ztf,60966.53870370006,3212538705115015000,2,3212538705115,18.817316,1,3212,0.22304071,17.606497,16.18447,17.8886,0.07254084,100.0,0.019578151,0.152,187.9797027,32.5444706,0.8542857,t17_f5_c3,0.99991846,17.858,0.1889,1669120251.0,True,True,False,27.5.6,0.0,,ZTF18aaavffc
ztf,60967.53696760023,3213536965115015000,2,3213536965115,19.056847,1,3213,0.22846779,17.644855,16.194689,17.8218,0.072032675,100.0,0.018943626,0.1191,187.9798279,32.5445083,0.91571426,t17_f5_c3,0.9999976,17.7116,0.137,1669120251.0,True,True,False,27.5.6,0.0,,ZTF18aaavffc
ztf,60967.54199070018,3213541995115015000,2,3213541995115,18.375067,1,3213,0.20946887,17.708948,16.211182,17.6935,0.08668015,100.0,0.021817908,0.192,187.9798176,32.5445385,0.83428574,t17_f5_c3,0.99994135,17.9069,0.2995,1669120251.0,True,True,False,27.5.6,0.0,,ZTF18aaavffc
ztf,61016.44711809978,3262447112415015004,1,3262447112415,18.923046,1,3262,0.4299937,17.993406,16.724785,18.2214,0.11785126,0.019501982,0.036634076,0.1296,187.9798814,32.5446249,0.83,t17_f5_c3,0.99240804,18.1575,0.1558,672120124.0,True,True,False,27.5.7a32.dev1,0.0,,ZTF18aaavffc
ztf,61016.50555559993,3262505552415015007,2,3262505552415,19.270948,1,3262,1.0747304,17.517607,16.122389,17.6905,0.09839929,100.0,0.027221052,0.056,187.9800217,32.5447277,0.57714283,t17_f5_c3,0.9999961,17.6286,0.0662,672120224.0,True,True,False,27.5.7a32.dev1,0.0,,ZTF18aaavffc
ztf,61020.54535879986,3266545352415015005,1,3266545352415,20.373959,1,3266,0.21751489,18.373047,16.829239,18.4567,0.0733412,100.0,0.017693952,0.0775,187.9798302,32.5445579,0.95428574,t17_f5_c3,0.9999835,18.5342,0.1036,672120124.0,True,True,False,27.5.7a32.dev1,0.0,,ZTF18aaavffc
ztf,61027.45460649999,3273454602415015004,1,3273454602415,20.227924,1,3273,0.20918426,18.25628,16.799898,18.3422,0.07019328,100.0,0.018354492,0.0658,187.9798299,32.5445437,0.95857143,t17_f5_c3,0.99997246,18.3758,0.0836,672120124.0,True,True,False,27.5.7a32.dev1,0.0,,ZTF18aaavffc
ztf,61027.53821759997,3273538212415015019,2,3273538212415,20.11379,1,3273,0.42132595,17.843813,16.203276,17.9868,0.06494193,100.0,0.014332105,0.0643,187.9798707,32.5445778,0.93857145,t17_f5_c3,0.99999046,17.9816,0.0786,672120224.0,True,True,False,27.5.7a32.dev1,0.0,,ZTF18aaavffc
ztf,61030.44383100001,3276443832415015022,1,3276443832415,20.105768,1,3276,0.27910936,18.280344,16.806139,18.3578,0.08493623,100.0,0.021847961,0.0797,187.9798448,32.5445349,0.9442857,t17_f5_c3,0.9999301,18.3546,0.0986,672120124.0,True,True,False,27.5.7a32.dev1,0.0,,ZTF18aaavffc
ztf,61030.510023099836,3276510022415015009,2,3276510022415,20.535257,1,3276,0.49417934,17.849062,16.204432,17.8721,0.057403702,100.0,0.012620822,0.0407,187.9798997,32.5445578,0.9357143,t17_f5_c3,0.99999964,17.8481,0.0476,672120224.0,True,True,False,27.5.7a32.dev1,0.0,,ZTF18aaavffc
ztf,61037.475196800195,3283475192415015005,2,3283475192415,19.661848,1,3283,0.6986872,17.511778,16.120773,17.6426,0.06727133,100.0,0.01868221,0.0375,187.9799585,32.5446026,0.5957143,t17_f5_c3,0.98907256,17.6301,0.0451,672120224.0,True,True,False,27.5.7a32.dev1,0.0,,ZTF18aaavffc
ztf,61037.48640049994,3283486402415015005,1,3283486402415,19.813734,1,3283,0.53012323,17.923897,16.702696,17.9956,0.10765762,0.01728523,0.034959454,0.0429,187.9799066,32.5444825,0.6342857,t17_f5_c3,0.9805217,17.9789,0.0516,672120124.0,True,True,False,27.5.7a32.dev1,0.0,,ZTF18aaavffc
ztf,61049.43295140006,3295432952415015007,1,3295432952415,19.54166,1,3295,0.48589942,18.059143,16.744795,18.0834,0.07975945,100.0,0.023770755,0.0679,187.9798476,32.5444494,0.8957143,t17_f5_c3,0.9998004,18.0926,0.086,672120124.0,True,True,False,27.5.7a32.dev1,0.0,,ZTF18aaavffc
ztf,61049.48965279991,3295489652415015007,2,3295489652415,19.629807,1,3295,0.50641084,17.712461,16.17289,17.8175,0.06464383,100.0,0.015656633,0.053,187.9798848,32.5446122,0.8685714,t17_f5_c3,0.99996364,17.8172,0.0657,672120224.0,True,True,False,27.5.7a32.dev1,0.0,,ZTF18aaavffc
ztf,61052.41493060021,3298414932415015005,1,3298414932415,20.060577,1,3298,0.6234309,18.118488,16.762146,18.1948,0.073485866,100.0,0.021070097,0.0537,187.9798892,32.5444272,0.9185714,t17_f5_c3,0.9993668,18.1522,0.0635,672120124.0,True,True,False,27.5.7a32.dev1,0.0,,ZTF18aaavffc
ztf,61054.40285879979,3300402852415015009,2,3300402852415,20.427444,1,3300,0.47959164,17.701216,16.170155,17.7489,0.05560586,100.0,0.013573642,0.0395,187.9798954,32.5445446,0.95285714,t17_f5_c3,0.9999999,17.7859,0.0491,672120224.0,True,True,False,27.5.7a32.dev1,0.0,,ZTF18aaavffc
ztf,61054.453576399945,3300453572415015005,1,3300453572415,20.476154,1,3300,0.1985257,18.062473,16.745787,18.0927,0.060609534,100.0,0.018024627,0.0447,187.9798049,32.544524,0.95714283,t17_f5_c3,0.99997306,18.0738,0.0534,672120124.0,True,True,False,27.5.7a32.dev1,0.0,,ZTF18aaavffc
ztf,61056.41466439981,3302414662415015004,1,3302414662415,20.41657,1,3302,0.25104886,18.047234,16.741232,18.0713,0.070143916,100.0,0.021066356,0.0459,187.9798388,32.5445817,0.95857143,t17_f5_c3,0.9998741,18.0105,0.0531,672120124.0,True,True,False,27.5.7a32.dev1,0.0,,ZTF18aaavffc
ztf,61056.45804399997,3302458042415015017,2,3302458042415,20.572874,1,3302,0.44059426,17.732601,16.177732,17.7833,0.044007268,100.0,0.010509384,0.0381,187.9798771,32.5445788,0.93142855,t17_f5_c3,0.99999326,17.7882,0.0457,672120224.0,True,True,False,27.5.7a32.dev1,0.0,,ZTF18aaavffc
ztf,61058.41207179986,3304412072415015006,1,3304412072415,20.225586,1,3304,0.11542064,18.08402,16.75215,18.1385,0.07181363,100.0,0.021060012,0.0577,187.9797905,32.544546,0.96,t17_f5_c3,0.99998176,18.0944,0.0685,672120124.0,True,True,False,27.5.7a32.dev1,0.0,,ZTF18aaavffc
ztf,61058.477303199936,3304477302415015015,2,3304477302415,20.281673,1,3304,0.46831512,17.711296,16.172607,17.8034,0.05001973,100.0,0.012124556,0.0498,187.9798917,32.5445457,0.95,t17_f5_c3,0.9999994,17.7836,0.0596,672120224.0,True,True,False,27.5.7a32.dev1,0.0,,ZTF18aaavffc
ztf,61060.422557900194,3306422552415015004,1,3306422552415,20.555557,1,3306,0.23189747,17.916262,16.70021,17.9713,0.06698051,100.0,0.021853866,0.0408,187.9798294,32.5445384,0.9728571,t17_f5_c3,0.99993986,17.9581,0.049,672120124.0,True,True,False,27.5.7a32.dev1,0.0,,ZTF18aaavffc
ztf,61060.46528939996,3306465282415015013,2,3306465282415,20.600187,1,3306,0.4535694,17.711063,16.17255,17.703,0.05069979,100.0,0.012291395,0.0348,187.9798867,32.5445494,0.93714285,t17_f5_c3,0.99999994,17.731,0.0426,672120224.0,True,True,False,27.5.7a32.dev1,0.0,,ZTF18aaavffc
ztf,61065.42479170021,3311424792415015008,1,3311424792415,20.403524,1,3311,0.24414684,17.81806,16.667185,17.8702,0.043181818,100.0,0.01496066,0.0356,187.9798356,32.5445425,0.95857143,t17_f5_c3,0.99998975,17.801,0.0405,672120124.0,True,True,False,27.5.7a32.dev1,0.0,,ZTF18aaavffc
ztf,61068.36170140002,3314361702415015007,2,3314361702415,20.1366,1,3314,0.406548,17.587,16.141146,17.6281,0.041714,100.0,0.011013883,0.044,187.9798696,32.5445625,0.964286,t17_f5_c3,,17.5829,0.052,,False,True,False,27.5.7a32.dev1,0.0,3.322467552415015e+18,ZTF18aaavffc
ztf,61068.46936339978,3314469362415015004,1,3314469362415,20.6371,1,3314,0.206384,17.8263,16.670033,17.8189,0.053083,100.0,0.018299889,0.0336,187.9798256,32.5445525,0.955714,t17_f5_c3,,17.7791,0.0391,,False,True,False,27.5.7a32.dev1,0.0,3.316479942415015e+18,ZTF18aaavffc
ztf,61068.46936339978,3314469362415025004,1,3314469362415,20.6371,1,3314,0.206384,17.8263,16.670033,17.8189,0.053083,100.0,0.018299889,0.0336,187.9798256,32.5445525,0.955714,t17_f5_c3,,17.7791,0.0391,,False,True,False,27.5.7a32.dev1,0.0,3.322467552415015e+18,ZTF18aaavffc
ztf,61070.35983800003,3316359832415015009,1,3316359832415,19.274662,1,3316,0.42055157,17.999,16.72652,18.0725,0.09292668,100.0,0.0287838,0.0909,187.9798751,32.5444982,0.87142855,t17_f5_c3,0.9999703,18.0907,0.1174,672120124.0,True,True,False,27.5.7a32.dev1,0.0,,ZTF18aaavffc
ztf,61070.47994210012,3316479942415015007,2,3316479942415,19.944723,1,3316,0.3963661,17.611565,16.14758,17.6696,0.056375854,100.0,0.014638571,0.05,187.9798663,32.5445619,0.96428573,t17_f5_c3,0.9999988,17.6744,0.0624,672120224.0,True,True,False,27.5.7a32.dev1,0.0,,ZTF18aaavffc
ztf,61072.32758100005,3318327582415015006,2,3318327582415,18.911207,1,3318,0.6317909,17.70597,16.171314,17.8615,0.08773804,100.0,0.02134643,0.1184,187.9799328,32.5446082,0.89428574,t17_f5_c3,0.9999577,17.7725,0.1391,672120224.0,True,True,False,27.5.7a32.dev1,0.0,,ZTF18aaavffc
ztf,61072.48376160022,3318483762415015004,1,3318483762415,19.363688,1,3318,0.25417644,18.006063,16.728703,18.2539,0.08590413,100.0,0.026489252,0.1404,187.9798419,32.5445535,0.9342857,t17_f5_c3,0.9995492,18.3923,0.2035,672120124.0,True,True,False,27.5.7a32.dev1,0.0,,ZTF18aaavffc
ztf,61074.47361110011,3320473612415015007,1,3320473612415,19.230045,1,3320,0.39029083,18.038696,16.73866,18.0018,0.08643108,100.0,0.02610092,0.1075,187.9798878,32.5445716,0.96428573,t17_f5_c3,0.9997865,18.1437,0.1562,672120124.0,True,True,False,27.5.7a32.dev1,0.0,,ZTF18aaavffc
ztf,61076.39217589982,3322392172415015005,1,3322392172415,19.547752,1,3322,0.46939912,18.249699,16.798172,18.1838,0.089311846,100.0,0.023458421,0.0936,187.9799138,32.5445755,0.9714286,t17_f5_c3,0.9998191,18.2504,0.1262,672120124.0,True,True,False,27.5.7a32.dev1,0.0,,ZTF18aaavffc
ztf,61076.46755790012,3322467552415015009,2,3322467552415,19.706173,1,3322,0.50727105,17.815214,16.196898,17.93,0.06695022,100.0,0.015080846,0.0702,187.9799042,32.5445558,0.9457143,t17_f5_c3,0.99997914,17.8899,0.0848,672120224.0,True,True,False,27.5.7a32.dev1,0.0,,ZTF18aaavffc
