tid,mjd,candid,fid,pid,diffmaglim,isdiffpos,nid,distnr,magpsf,magpsf_corr,magap,sigmapsf,sigmapsf_corr,sigmapsf_corr_ext,sigmagap,ra,dec,rb,rbversion,drb,magapbig,sigmagapbig,rfid,has_stamp,corrected,dubious,step_id_corr,phase,parent_candid,oid
ztf,58372.16888889996,618168880415015018,2,618168880415,20.634487,1,618,0.15302329,19.671038,17.573994,19.8942,0.1481685,100.0,0.02147525,0.2265,292.6956121,-4.8754083,0.6666667,t8_f5_c3,0.0,19.8406,0.2688,437120204.0,False,True,False,bulk_1.0.0,0.0,6.24210750415015e+17,ZTF18abuzkke
ztf,58375.15741899982,621157410415015020,2,621157410415,20.58326,1,621,0.12073157,19.459599,17.540676,19.6428,0.14021103,100.0,0.023944926,0.1925,292.6955804,-4.8754092,0.67,t8_f5_c3,0.0,19.4807,0.2077,437120204.0,False,True,False,bulk_1.0.0,0.0,6.24210750415015e+17,ZTF18abuzkke
ztf,58378.21075229999,624210750415015001,2,624210750415,20.152023,1,624,0.20920497,18.751202,17.382195,18.7744,0.14053175,0.0335258,0.03982644,0.119,292.6955632,-4.8754291,0.6933333,t8_f5_c3,0.0,18.5862,0.1265,437120204.0,False,True,False,bulk_1.0.0,0.0,6.33149010415015e+17,ZTF18abuzkke
ztf,58387.1490162001,633149010415015015,2,633149010415,20.035038,1,633,0.18095231,17.924294,17.077833,17.9697,0.078563616,0.032158658,0.036027774,0.0659,292.6955952,-4.8754247,0.8,t8_f5_c3,0.0,17.9018,0.0783,437120204.0,False,True,False,bulk_1.0.0,0.0,6.36228710415015e+17,ZTF18abuzkke
ztf,58390.228715300094,636228710415015007,2,636228710415,19.827257,1,636,0.22874238,17.641788,16.939117,17.6525,0.073790714,0.035888743,0.038630735,0.0527,292.6955642,-4.8754363,0.74,t8_f5_c3,0.0,17.6624,0.0672,437120204.0,True,True,False,bulk_1.0.0,0.0,0.0,ZTF18abuzkke
ztf,58424.08568290016,670085680415015001,2,670085680415,17.33435,1,670,0.30027714,16.295649,16.041773,16.0963,0.07999131,0.06300324,0.063312985,0.1204,292.6956186,-4.8754507,0.72333336,t8_f5_c3,0.0,16.1481,0.1617,437120204.0,False,True,False,bulk_1.0.0,0.0,6.79072370415015e+17,ZTF18abuzkke
ztf,58427.10407410003,673104070415015008,2,673104070415,19.723526,1,673,0.15735099,16.102116,15.885844,16.1271,0.03782189,0.030513616,0.030990938,0.015,292.6955938,-4.8754185,0.8833333,t8_f5_c3,0.0,16.1165,0.0183,437120204.0,False,True,False,bulk_1.0.0,0.0,6.79072370415015e+17,ZTF18abuzkke
ztf,58427.127847199794,673127840415015004,1,673127840415,19.741241,1,673,0.20385396,19.343,18.864649,19.2426,0.15210456,0.0973189,0.09790427,0.1975,292.6956141,-4.875418,0.6566667,t8_f5_c3,0.0,19.2224,0.2475,437120104.0,False,True,False,bulk_1.0.0,0.0,6.79072370415015e+17,ZTF18abuzkke
ztf,58430.07866899995,676078660415015009,2,676078660415,19.777328,1,676,0.19540086,15.859318,15.683069,15.949,0.04751224,0.040142097,0.040393002,0.0122,292.6955864,-4.8754302,0.85333335,t8_f5_c3,0.0,15.9484,0.015,437120204.0,False,True,False,bulk_1.0.0,0.0,6.79072370415015e+17,ZTF18abuzkke
ztf,58430.12498839991,676124980415015008,1,676124980415,20.21452,1,676,0.33008674,18.968779,18.609522,19.4313,0.095442735,0.068032235,0.06855517,0.1721,292.6955184,-4.8754263,0.83,t8_f5_c3,0.0,19.3187,0.1976,437120104.0,False,True,False,bulk_1.0.0,0.0,6.79072370415015e+17,ZTF18abuzkke
ztf,58433.07237270009,679072370415015005,2,679072370415,19.048399,1,679,0.22987904,15.673077,15.52278,15.7359,0.03251289,0.028042905,0.028309807,0.0185,292.695586,-4.8754388,0.8666667,t8_f5_c3,0.0,15.7414,0.0235,437120204.0,True,True,False,bulk_1.0.0,0.0,0.0,ZTF18abuzkke
ztf,58569.47920140019,815479200415015001,2,815479200415,16.4155,1,815,0.421313,16.8087,16.42603,16.7235,0.242559,0.17027672,0.17050973,0.4651,292.6956481,-4.8754755,0.438571,t15_f5_c3,,17.1386,0.8752,,False,True,False,bulk_1.0.0,0.0,8.34418130415015e+17,ZTF18abuzkke
ztf,58574.46644680016,820466440415015006,2,820466440415,18.381607,1,820,0.27717504,16.94805,16.522087,16.9039,0.0858682,0.05717978,0.05800264,0.0925,292.6956299,-4.8754388,0.6242857,t15_f5_c3,0.0,16.889,0.1163,437120204.0,False,True,False,bulk_1.0.0,0.0,8.34418130415015e+17,ZTF18abuzkke
ztf,58582.46126159979,828461260415015008,2,828461260415,20.118816,1,828,0.27830875,17.365103,16.785532,17.4831,0.06898183,0.0384984,0.040448833,0.0368,292.695627,-4.8754406,0.7442857,t15_f5_c3,0.0,17.4988,0.0464,437120204.0,False,True,False,bulk_1.0.0,0.0,8.34418130415015e+17,ZTF18abuzkke
ztf,58588.41813659994,834418130415015005,2,834418130415,19.692068,1,834,0.2567301,17.690613,16.964403,17.7966,0.063681684,0.029158507,0.032623507,0.0751,292.6956401,-4.8754251,0.7342857,t15_f5_c3,0.0,17.8131,0.0968,437120204.0,False,True,False,bulk_1.0.0,0.0,8.6345956041501e+17,ZTF18abuzkke
ztf,58592.39942129981,838399420415015034,2,838399420415,18.477509,1,838,0.20288312,17.73378,16.986303,17.6227,0.08836955,0.041807014,0.04439272,0.1635,292.695634,-4.8754038,0.28857142,t15_f5_c3,0.0,17.5758,0.201,437120204.0,False,True,False,bulk_1.0.0,0.0,8.6345956041501e+17,ZTF18abuzkke
ztf,58598.379687500186,844379680415015005,2,844379680415,19.251036,1,844,0.43350458,18.218184,17.202833,18.0437,0.10625621,0.037515115,0.041707486,0.1268,292.6956683,-4.8754642,0.7185714,t15_f5_c3,0.0,18.0994,0.1706,437120204.0,False,True,False,bulk_1.0.0,0.0,8.6345956041501e+17,ZTF18abuzkke
ztf,58607.38297449984,853382970415015011,2,853382970415,20.251926,1,853,0.42490327,18.64984,17.352495,18.824,0.11736404,0.028719876,0.03553016,0.1116,292.6956964,-4.8754176,0.6157143,t15_f5_c3,0.0,18.7953,0.1365,437120204.0,False,True,False,bulk_1.0.0,0.0,8.6345956041501e+17,ZTF18abuzkke
ztf,58607.41990739992,853419900415010013,1,853419900415,20.586,-1,853,0.292141,20.6684,20.81146,20.2355,0.279519,0.31235152,0.31888613,0.2723,292.6956156,-4.8754436,0.64,t15_f5_c3,,20.2553,0.3536,,False,True,False,bulk_1.0.0,0.0,8.6345956041501e+17,ZTF18abuzkke
ztf,58617.459560200106,863459560415010014,1,863459560415,20.939775,-1,863,0.38900736,20.571796,20.93331,20.3367,0.19964415,0.26909572,0.27852353,0.2359,292.695608,-4.8754742,0.7214286,t15_f5_c3,0.0,20.4032,0.3181,437120104.0,False,True,False,bulk_1.0.0,0.0,8.85399200415015e+17,ZTF18abuzkke
ztf,58617.4815508998,863481550415015005,2,863481550415,20.78189,1,863,0.17444141,19.246082,17.50111,19.4983,0.16311616,0.022220407,0.032697022,0.1467,292.695621,-4.8754061,0.53571427,t15_f5_c3,0.0,19.6163,0.201,437120204.0,False,True,False,bulk_1.0.0,0.0,8.85399200415015e+17,ZTF18abuzkke
ztf,58633.41984950006,879419840415015010,2,879419840415,20.684547,1,879,0.42259997,19.118002,17.474197,19.3727,0.13884939,0.019642511,0.03055076,0.1377,292.6956574,-4.8754693,0.88714284,t17_f5_c3,0.0,19.3092,0.1609,437120204.0,False,True,False,bulk_1.0.0,0.0,9.08318810415015e+17,ZTF18abuzkke
ztf,58633.472615700215,879472610415010011,1,879472610415,20.3827,-1,879,0.365276,20.5787,20.923752,20.0999,0.252496,0.33956814,0.34695718,0.2879,292.6954883,-4.8753724,0.39,t17_f5_c3,,19.973,0.3279,,False,True,False,bulk_1.0.0,0.0,9.08318810415015e+17,ZTF18abuzkke
ztf,58636.4027315001,882402730415015005,2,882402730415,20.740334,1,882,0.14718196,18.990967,17.444942,19.1188,0.103075266,0.009852628,0.02481674,0.1051,292.6956232,-4.8753969,0.9357143,t17_f5_c3,0.0,19.083,0.1252,437120204.0,False,True,False,bulk_1.0.0,0.0,9.08318810415015e+17,ZTF18abuzkke
ztf,58639.39920140011,885399200415015006,2,885399200415,20.81777,1,885,0.2169493,18.70831,17.369865,18.8634,0.10098619,0.020364488,0.02943639,0.0798,292.6956299,-4.8754183,0.80285716,t17_f5_c3,0.0,18.9193,0.1026,437120204.0,False,True,False,bulk_1.0.0,0.0,9.08318810415015e+17,ZTF18abuzkke
ztf,58642.39790510014,888397900415010020,1,888397900415,20.858343,-1,888,0.41400644,20.6964,20.780375,20.423,0.20284154,0.21007766,0.21915276,0.2559,292.6956506,-4.8754634,0.64,t17_f5_c3,0.0,20.299,0.2898,437120104.0,False,True,False,bulk_1.0.0,0.0,9.08318810415015e+17,ZTF18abuzkke
ztf,58642.43927079998,888439270415015006,2,888439270415,20.534864,1,888,0.42915285,18.675959,17.360336,18.7341,0.091271676,0.017154375,0.027169827,0.0812,292.6955811,-4.875496,0.93142855,t17_f5_c3,0.0,18.7863,0.1054,437120204.0,False,True,False,bulk_1.0.0,0.0,9.08318810415015e+17,ZTF18abuzkke
ztf,58645.41774309985,891417740415010009,1,891417740415,20.8109,-1,891,0.181177,20.8125,20.66749,20.5978,0.303167,0.25923118,0.26526362,0.3418,292.6956118,-4.8754101,0.654286,t17_f5_c3,,20.24,0.3125,,False,True,False,bulk_1.0.0,0.0,9.08318810415015e+17,ZTF18abuzkke
ztf,58645.48121530004,891481210415015008,2,891481210415,19.962944,1,891,0.17699091,18.489227,17.301317,18.5905,0.084983334,0.020286262,0.028455717,0.1258,292.6955814,-4.8754251,0.8857143,t17_f5_c3,0.0,18.5844,0.1586,437120204.0,False,True,False,bulk_1.0.0,0.0,9.08318810415015e+17,ZTF18abuzkke
ztf,58648.4745139,894474510415015011,2,894474510415,20.280159,1,894,0.3156429,18.304302,17.235826,18.2965,0.0937048,0.029559609,0.035024464,0.0668,292.6955745,-4.875462,0.93142855,t17_f5_c3,0.0,18.2797,0.0821,437120204.0,False,True,False,bulk_1.0.0,0.0,9.08318810415015e+17,ZTF18abuzkke
ztf,58651.34412040003,897344120415015002,2,897344120415,19.127947,1,897,0.26650387,18.184315,17.189413,18.602,0.11052662,0.04037787,0.04420852,0.2624,292.6956485,-4.8754126,0.83428574,t17_f5_c3,0.0,18.639,0.348,437120204.0,False,True,False,bulk_1.0.0,0.0,9.08318810415015e+17,ZTF18abuzkke
ztf,58662.31881939992,908318810415015005,2,908318810415,20.682098,1,908,0.18635103,17.436176,16.826641,17.5491,0.06815004,0.0366748,0.038873326,0.0276,292.695617,-4.8754163,0.9242857,t17_f5_c3,1.0,17.5578,0.0337,437120204.0,False,True,False,bulk_1.0.0,0.0,9.32312370415015e+17,ZTF18abuzkke
ztf,58663.33444439992,909334440415015004,2,909334440415,20.545033,1,909,0.19471136,17.435186,16.826075,17.4672,0.061349154,0.032551818,0.03500775,0.0283,292.6956141,-4.87542,0.9257143,t17_f5_c3,1.0,17.4848,0.035,437120204.0,False,True,False,bulk_1.0.0,0.0,9.32312370415015e+17,ZTF18abuzkke
ztf,58668.33512730012,914335120415015007,2,914335120415,20.735352,1,914,0.16887641,17.13394,16.644098,17.1989,0.05524788,0.033458076,0.035186753,0.0199,292.6956069,-4.8754189,0.88857144,t17_f5_c3,0.9999999,17.1982,0.0237,437120204.0,False,True,False,bulk_1.0.0,0.0,9.39343480415015e+17,ZTF18abuzkke
ztf,58676.28795140004,922287950415015004,2,922287950415,20.018219,1,922,0.13189867,16.652426,16.313873,16.7282,0.057120174,0.041039012,0.0418185,0.0222,292.695599,-4.8754086,0.9085714,t17_f5_c3,0.9999999,16.6955,0.0267,437120204.0,False,True,False,bulk_1.0.0,0.0,9.50375020415015e+17,ZTF18abuzkke
ztf,58679.22996529983,925229960415015004,2,925229960415,19.255112,1,925,0.15636812,16.541084,16.231256,16.627,0.05074925,0.037416317,0.038150355,0.0353,292.6955926,-4.8754185,0.9114286,t17_f5_c3,1.0,16.6005,0.0437,437120204.0,False,True,False,bulk_1.0.0,0.0,9.50375020415015e+17,ZTF18abuzkke
ztf,58682.273564800154,928273560415015006,2,928273560415,19.369598,1,928,0.14784873,16.394257,16.11907,16.4381,0.046973422,0.035832647,0.036456704,0.029,292.6956,-4.8754138,0.9185714,t17_f5_c3,1.0,16.4304,0.0365,437120204.0,False,True,False,bulk_1.0.0,0.0,9.50375020415015e+17,ZTF18abuzkke
ztf,58686.312372699846,932312370415015010,2,932312370415,20.208694,1,932,0.19805606,16.16287,15.935371,16.2448,0.043004803,0.034411076,0.034875266,0.0127,292.6955901,-4.8754312,0.9085714,t17_f5_c3,0.9999998,16.2297,0.0151,437120204.0,False,True,False,bulk_1.0.0,0.0,9.50375020415015e+17,ZTF18abuzkke
ztf,58690.35901620006,936359010415015005,2,936359010415,20.436083,1,936,0.17430542,15.945505,15.755898,16.0261,0.05687296,0.04751734,0.047759876,0.0097,292.6955945,-4.8754238,0.84,t17_f5_c3,0.99999905,16.0166,0.0113,437120204.0,False,True,False,bulk_1.0.0,0.0,9.50375020415015e+17,ZTF18abuzkke
ztf,58693.295555599965,939295550415015008,1,939295550415,20.685364,1,939,0.24922566,19.141384,18.730663,19.1968,0.08801537,0.059548426,0.06029344,0.1017,292.6956076,-4.8754367,0.95428574,t17_f5_c3,1.0,19.3377,0.1456,437120104.0,False,True,False,bulk_1.0.0,0.0,9.50375020415015e+17,ZTF18abuzkke
ztf,58693.34348380007,939343480415015012,2,939343480415,19.75102,1,939,0.1828579,15.910296,15.726255,15.9527,0.024361352,0.020023834,0.020562926,0.0138,292.695581,-4.8754266,0.8414286,t17_f5_c3,1.0,15.9516,0.0168,437120204.0,False,True,False,bulk_1.0.0,0.0,9.50375020415015e+17,ZTF18abuzkke
ztf,58696.25704859989,942257040415015004,1,942257040415,20.688137,1,942,0.19488493,18.835941,18.512491,19.0496,0.09089091,0.06703056,0.06747467,0.0894,292.6956046,-4.8754185,0.9457143,t17_f5_c3,1.0,18.9981,0.1074,437120104.0,False,True,False,bulk_1.0.0,0.0,9.50375020415015e+17,ZTF18abuzkke
ztf,58696.35415509995,942354150415015010,2,942354150415,20.700706,1,942,0.1812986,15.697289,15.543832,15.7407,0.04284442,0.03698653,0.037197296,0.007,292.695588,-4.8754254,0.87714285,t17_f5_c3,0.9999993,15.7383,0.0078,437120204.0,False,True,False,bulk_1.0.0,0.0,9.50375020415015e+17,ZTF18abuzkke
ztf,58700.33230319992,946332300415015009,1,946332300415,20.824514,1,946,0.22160164,18.422455,18.19142,18.4934,0.06950332,0.055886168,0.05618122,0.0522,292.6955714,-4.8754256,0.9557143,t17_f5_c3,0.9999998,18.4814,0.0642,437120104.0,False,True,False,bulk_1.0.0,0.0,9.50375020415015e+17,ZTF18abuzkke
ztf,58700.37870369991,946378700415015001,2,946378700415,20.597382,1,946,0.19523136,15.490396,15.362056,15.5257,0.039456695,0.034897897,0.035057805,0.0064,292.6955743,-4.8754312,0.8542857,t17_f5_c3,0.99996185,15.5158,0.0071,437120204.0,False,True,False,bulk_1.0.0,0.0,9.50375020415015e+17,ZTF18abuzkke
ztf,58704.37502310006,950375020415015007,1,950375020415,20.036413,1,950,0.29916528,18.179468,17.990986,18.2189,0.07575906,0.06350597,0.063685685,0.0583,292.6955909,-4.8754495,0.94285715,t17_f5_c3,0.9999999,18.2575,0.0761,437120104.0,False,True,False,bulk_1.0.0,0.0,9.66188270415015e+17,ZTF18abuzkke
ztf,58707.172951399814,953172950415015005,2,953172950415,19.37597,1,953,0.17586413,15.190055,15.091368,15.1999,0.032073718,0.029170752,0.029286977,0.0101,292.695603,-4.8754214,0.8657143,t17_f5_c3,1.0,15.1925,0.0124,437120204.0,False,True,False,bulk_1.0.0,0.0,9.66188270415015e+17,ZTF18abuzkke
ztf,58711.29341439996,957293410415015008,2,957293410415,19.596727,1,957,0.162199,14.910911,14.833824,14.9596,0.03708304,0.034480203,0.034541454,0.0068,292.6955928,-4.8754191,0.88,t17_f5_c3,0.99999976,14.9562,0.0082,437120204.0,False,True,False,bulk_1.0.0,0.0,9.84127210415015e+17,ZTF18abuzkke
ztf,58714.248749999795,960248740415015004,1,960248740415,20.230284,1,960,0.17412598,17.177782,17.098902,17.2384,0.04569853,0.042444196,0.042496223,0.0293,292.6955898,-4.8754162,0.94285715,t17_f5_c3,0.9999999,17.2428,0.0369,437120104.0,False,True,False,bulk_1.0.0,0.0,9.84127210415015e+17,ZTF18abuzkke
ztf,58714.34258100018,960342580415015006,2,960342580415,19.828768,1,960,0.19002452,14.748118,14.681442,14.7763,0.036633532,0.034405153,0.034451526,0.0052,292.6955922,-4.8754279,0.86714286,t17_f5_c3,0.9999998,14.7801,0.0061,437120204.0,False,True,False,bulk_1.0.0,0.0,9.84127210415015e+17,ZTF18abuzkke
ztf,58717.241666700225,963241660415015006,1,963241660415,20.3643,1,963,0.26935574,17.08499,17.01236,17.0531,0.0531733,0.049694777,0.049732674,0.0172,292.6955933,-4.8754422,0.8585714,t17_f5_c3,0.999998,17.0474,0.0208,437120104.0,False,True,False,bulk_1.0.0,0.0,9.91114640415015e+17,ZTF18abuzkke
ztf,58717.3069329001,963306930415015009,2,963306930415,20.017143,1,963,0.16664779,14.498606,14.44529,14.5797,0.038864546,0.03697422,0.03700216,0.004,292.6955968,-4.8754201,0.85142857,t17_f5_c3,0.9998845,14.5711,0.0044,437120204.0,False,True,False,bulk_1.0.0,0.0,9.91114640415015e+17,ZTF18abuzkke
ztf,58720.1882755002,966188270415015007,1,966188270415,20.551832,1,966,0.24419746,16.664019,16.614206,16.6835,0.045337085,0.04328319,0.04330409,0.0135,292.695585,-4.8754324,0.93,t17_f5_c3,0.99999607,16.6764,0.0161,437120104.0,False,True,False,bulk_1.0.0,0.0,9.94133700415015e+17,ZTF18abuzkke
ztf,58720.32672449993,966326720415015008,2,966326720415,20.053265,1,966,0.19559227,14.331647,14.285772,14.3963,0.032382153,0.031017609,0.03104243,0.0037,292.6955817,-4.8754303,0.8457143,t17_f5_c3,0.99998534,14.3882,0.004,437120204.0,False,True,False,bulk_1.0.0,0.0,9.94133700415015e+17,ZTF18abuzkke
ztf,58723.26008100016,969260080415015006,1,969260080415,20.877495,1,969,0.20431045,16.32691,16.290173,16.3697,0.041637853,0.040240135,0.04025251,0.0096,292.695594,-4.875423,0.91714287,t17_f5_c3,0.9995303,16.3604,0.0109,437120104.0,False,True,False,bulk_1.0.0,0.0,9.94133700415015e+17,ZTF18abuzkke
ztf,58723.32736109989,969327360415015004,2,969327360415,20.0221,1,969,0.372915,14.2787,14.234965,14.2607,0.050509,0.0485004,0.04851486,0.0031,292.6956074,-4.8754749,0.527143,t17_f5_c3,,14.2523,0.0034,,False,True,False,bulk_1.0.0,0.0,9.94133700415015e+17,ZTF18abuzkke
ztf,58726.24598379992,972245980415015012,1,972245980415,20.372765,1,972,0.19902433,16.12036,16.089897,16.1328,0.030610243,0.029751781,0.029763356,0.0095,292.6955846,-4.8754218,0.93285716,t17_f5_c3,1.0,16.1216,0.011,437120104.0,False,True,False,bulk_1.0.0,0.0,9.94133700415015e+17,ZTF18abuzkke
ztf,58732.18978009978,978189780415015007,1,978189780415,20.134516,1,978,0.19509095,15.849237,15.825434,15.8618,0.028256325,0.027635911,0.027643567,0.0096,292.6956003,-4.8754232,0.9285714,t17_f5_c3,0.99999195,15.8473,0.0114,437120104.0,False,True,False,bulk_1.0.0,0.0,9.94133700415015e+17,ZTF18abuzkke
ztf,58732.234502300154,978234500415015016,2,978234500415,20.261255,1,978,0.15659243,13.854794,13.825004,13.8734,0.036186587,0.035197847,0.035207212,0.0025,292.6955861,-4.8754193,0.82714283,t17_f5_c3,0.9972254,13.8668,0.0027,437120204.0,False,True,False,bulk_1.0.0,0.0,9.94133700415015e+17,ZTF18abuzkke
ztf,58735.12606480019,981126060415015005,1,981126060415,19.159565,1,981,0.23385546,15.754466,15.732632,15.7756,0.021602182,0.021163674,0.0211721,0.0174,292.695596,-4.8754299,0.95,t17_f5_c3,1.0,15.7622,0.0218,437120104.0,False,True,False,bulk_1.0.0,0.0,9.94133700415015e+17,ZTF18abuzkke
ztf,58738.127210599836,984127210415015003,1,984127210415,19.279654,1,984,0.1916347,15.652639,15.632742,15.6748,0.025687365,0.025215019,0.025220903,0.0145,292.6955889,-4.8754195,0.94714284,t17_f5_c3,1.0,15.6704,0.0181,437120104.0,False,True,False,bulk_1.0.0,0.0,9.94133700415015e+17,ZTF18abuzkke
ztf,58742.12706020009,988127060415015010,1,988127060415,19.579254,1,988,0.16202432,15.593027,15.574183,15.6127,0.033873044,0.033286233,0.033290233,0.0121,292.6955922,-4.8754116,0.9,t17_f5_c3,0.9999999,15.6023,0.0145,437120104.0,False,True,False,bulk_1.0.0,0.0,9.94133700415015e+17,ZTF18abuzkke
ztf,58745.11464119982,991114640415015017,2,991114640415,20.104452,1,991,0.20521325,13.574463,13.55138,13.6137,0.029409168,0.028783616,0.028790532,0.0022,292.695595,-4.8754323,0.71,t17_f5_c3,0.9973649,13.6038,0.0024,437120204.0,False,True,False,bulk_1.0.0,0.0,9.94133700415015e+17,ZTF18abuzkke
ztf,58745.12712959992,991127120415015018,1,991127120415,20.683588,1,991,0.1889993,15.499762,15.482457,15.526,0.039169222,0.038546965,0.038549885,0.0058,292.6955972,-4.8754192,0.8742857,t17_f5_c3,0.999697,15.5178,0.0064,437120104.0,False,True,False,bulk_1.0.0,0.0,9.94133700415015e+17,ZTF18abuzkke
ztf,58748.1337036998,994133700415015021,2,994133700415,20.050064,1,994,0.16871771,13.537086,13.514776,13.5979,0.038176287,0.037394878,0.037399855,0.0021,292.6955997,-4.8754204,0.82857144,t17_f5_c3,0.9996427,13.5886,0.0023,437120204.0,False,True,False,bulk_1.0.0,0.0,1.016190590415015e+18,ZTF18abuzkke
ztf,58751.12751160003,997127510415015008,2,997127510415,19.754066,1,997,0.24129306,13.570401,13.547404,13.6003,0.021641152,0.021178253,0.021187585,0.0022,292.6956023,-4.8754408,0.73571426,t17_f5_c3,0.9992652,13.5871,0.0024,437120204.0,False,True,False,bulk_1.0.0,0.0,1.016190590415015e+18,ZTF18abuzkke
ztf,58758.12415509997,1004124150415015009,2,1004124150415,20.339268,1,1004,0.18178052,13.639702,13.615206,13.6806,0.03183777,0.0311203,0.031127496,0.0022,292.6955968,-4.8754274,0.82,t17_f5_c3,0.999007,13.6726,0.0023,437120204.0,False,True,False,bulk_1.0.0,0.0,1.016190590415015e+18,ZTF18abuzkke
ztf,58761.10648149997,1007106480415015007,2,1007106480415,19.987694,1,1007,0.16119002,13.730602,13.703993,13.7656,0.035991054,0.035112195,0.035119705,0.0025,292.6955919,-4.8754205,0.80714285,t17_f5_c3,0.9998094,13.7578,0.0027,437120204.0,False,True,False,bulk_1.0.0,0.0,1.016190590415015e+18,ZTF18abuzkke
ztf,58764.24282409996,1010242820415015001,1,1010242820415,18.950878,1,1010,0.3068724,15.940096,15.914239,15.9438,0.030706631,0.02997567,0.029983982,0.022,292.6955654,-4.8754489,0.93857145,t17_f5_c3,0.9999999,15.942,0.0277,437120104.0,False,True,False,bulk_1.0.0,0.0,1.016190590415015e+18,ZTF18abuzkke
ztf,58767.10701389983,1013107010415015006,2,1013107010415,19.172386,1,1013,0.25793535,13.913679,13.882253,13.9668,0.023007214,0.022334425,0.02235082,0.0035,292.6956081,-4.8754439,0.74714285,t17_f5_c3,0.9999994,13.9557,0.004,437120204.0,False,True,False,bulk_1.0.0,0.0,1.016190590415015e+18,ZTF18abuzkke
ztf,58767.21063659992,1013210630415015002,1,1013210630415,18.397902,1,1013,0.4263518,16.07652,16.047249,16.1476,0.04324097,0.042083148,0.042090714,0.0239,292.6955584,-4.8754818,0.54,t17_f5_c3,0.98617053,16.1084,0.0292,437120104.0,False,True,False,bulk_1.0.0,0.0,1.016190590415015e+18,ZTF18abuzkke
ztf,58770.0905439998,1016090540415015002,1,1016090540415,19.342709,1,1016,0.20696178,16.23166,16.19796,16.2599,0.036948547,0.035807583,0.03581932,0.0223,292.6955827,-4.8754252,0.94857144,t17_f5_c3,0.9999999,16.2371,0.0277,437120104.0,False,True,False,bulk_1.0.0,0.0,1.016190590415015e+18,ZTF18abuzkke
ztf,58770.19059030013,1016190590415015001,2,1016190590415,18.854433,1,1016,0.30550554,13.975692,13.942446,14.0797,0.030755496,0.0298143,0.029828023,0.0042,292.695585,-4.875461,0.60714287,t17_f5_c3,0.9997883,14.0566,0.0049,437120204.0,False,True,False,bulk_1.0.0,0.0,1.019107620415015e+18,ZTF18abuzkke
ztf,58773.09144680016,1019091440415015022,2,1019091440415,18.044502,1,1019,0.20143747,13.992373,13.958621,14.062,0.02302079,0.022297248,0.022316149,0.0103,292.6955912,-4.8754315,0.72,t17_f5_c3,0.99999696,14.0603,0.0128,437120204.0,False,True,False,bulk_1.0.0,0.0,1.019107620415015e+18,ZTF18abuzkke
ztf,58773.10762730008,1019107620415015007,1,1019107620415,16.947645,1,1019,0.17840308,16.076305,16.047039,16.3184,0.10567325,0.10285968,0.102862775,0.1838,292.6955776,-4.8754147,0.7828571,t17_f5_c3,0.99959075,16.1967,0.2106,437120104.0,False,True,False,bulk_1.0.0,0.0,1.025085170415015e+18,ZTF18abuzkke
ztf,58776.10908559989,1022109080415015009,1,1022109080415,20.319353,1,1022,0.20569138,16.639212,16.5905,16.6711,0.032678746,0.031217288,0.031245023,0.015,292.6955865,-4.8754238,0.94,t17_f5_c3,0.99999976,16.6601,0.018,437120104.0,False,True,False,bulk_1.0.0,0.0,1.025085170415015e+18,ZTF18abuzkke
ztf,58779.08517359989,1025085170415015006,2,1025085170415,19.716824,1,1025,0.16754253,14.416383,14.366868,14.4734,0.03907598,0.037309982,0.037333947,0.0045,292.695594,-4.875421,0.8428571,t17_f5_c3,0.9999824,14.4646,0.0053,437120204.0,False,True,False,bulk_1.0.0,0.0,1.039084980415015e+18,ZTF18abuzkke
ztf,58779.108009300195,1025108000415015004,1,1025108000415,20.427412,1,1025,0.19541512,16.766851,16.712214,16.8204,0.051018532,0.04849231,0.048514653,0.0168,292.6955918,-4.8754205,0.9442857,t17_f5_c3,1.0,16.8196,0.0204,437120104.0,False,True,False,bulk_1.0.0,0.0,1.039084980415015e+18,ZTF18abuzkke
ztf,58782.12472219998,1028124720415015006,2,1028124720415,19.888582,1,1028,0.2076308,14.548638,14.492871,14.6002,0.027754644,0.026322242,0.026365062,0.0042,292.6955984,-4.875432,0.8542857,t17_f5_c3,0.99999523,14.5914,0.0048,437120204.0,False,True,False,bulk_1.0.0,0.0,1.039084980415015e+18,ZTF18abuzkke
ztf,58785.18476849981,1031184760415015004,1,1031184760415,19.62616,1,1031,0.28834894,17.226452,17.144089,17.1983,0.058205064,0.053908505,0.053953033,0.0341,292.6955812,-4.875449,0.92285717,t17_f5_c3,1.0,17.2206,0.0437,437120104.0,False,True,False,bulk_1.0.0,0.0,1.039084980415015e+18,ZTF18abuzkke
ztf,58790.0995139,1036099510415015004,1,1036099510415,19.683098,1,1036,0.22107697,17.48029,17.377235,17.5357,0.04344141,0.03941424,0.039507743,0.0509,292.6955808,-4.8754272,0.95,t17_f5_c3,1.0,17.5575,0.0659,437120104.0,False,True,False,bulk_1.0.0,0.0,1.039084980415015e+18,ZTF18abuzkke
ztf,58790.107800900005,1036107800415015008,2,1036107800415,19.662735,1,1036,0.21343513,14.846051,14.773288,14.8983,0.030300705,0.028269779,0.028336585,0.0061,292.6955855,-4.8754353,0.87142855,t17_f5_c3,1.0,14.8903,0.0073,437120204.0,False,True,False,bulk_1.0.0,0.0,1.039084980415015e+18,ZTF18abuzkke
ztf,58793.084988399874,1039084980415015006,2,1039084980415,19.29469,1,1039,0.17649893,14.964526,14.883679,15.0012,0.02822642,0.026112353,0.026200943,0.0072,292.6955709,-4.8754198,0.82857144,t17_f5_c3,0.9999998,14.9848,0.0086,437120204.0,False,True,False,bulk_1.0.0,0.0,1.042128470415015e+18,ZTF18abuzkke
ztf,58793.14616899984,1039146160415015001,1,1039146160415,19.088968,1,1039,0.25197768,17.588823,17.475483,17.6336,0.0864884,0.077858284,0.07791506,0.0773,292.6955646,-4.8754323,0.8742857,t17_f5_c3,0.99999905,17.5691,0.093,437120104.0,False,True,False,bulk_1.0.0,0.0,1.042128470415015e+18,ZTF18abuzkke
ztf,58796.12847220013,1042128470415015002,1,1042128470415,19.13751,1,1042,0.26927567,17.72977,17.601612,17.9935,0.06423856,0.056988552,0.057086352,0.109,292.6955803,-4.8754412,0.92142856,t17_f5_c3,0.9999999,17.9289,0.1315,437120104.0,False,True,False,bulk_1.0.0,0.0,1.049087950415015e+18,ZTF18abuzkke
ztf,58803.08795139985,1049087950415015000,1,1049087950415,18.248152,1,1049,0.36126307,18.20896,18.015724,18.1075,0.17948814,0.15014508,0.15022472,0.3074,292.6956182,-4.8754633,0.74142855,t17_f5_c3,0.99999607,18.2915,0.4668,437120104.0,True,True,False,bulk_1.0.0,0.0,0.0,ZTF18abuzkke
ztf,58944.522766199894,1190522760415015004,2,1190522760415,19.145918,1,1190,0.35971025,16.351194,16.0855,16.4324,0.04193928,0.032183267,0.032835502,0.0183,292.6956212,-4.8754703,0.4485714,t17_f5_c3,0.99911034,16.3693,0.0216,437120204.0,False,True,False,bulk_1.0.0,0.0,1.219494930415015e+18,ZTF18abuzkke
ztf,58964.458090300206,1210458090415015013,2,1210458090415,20.576124,1,1210,0.21469347,15.474178,15.347634,15.5138,0.0335983,0.029719261,0.029901966,0.0062,292.6956066,-4.8754321,0.85,t17_f5_c3,0.99999833,15.5059,0.0069,437120204.0,False,True,False,bulk_1.0.0,0.0,1.222479900415015e+18,ZTF18abuzkke
ztf,58964.479560200125,1210479560415015005,1,1210479560415,20.683968,1,1210,0.18551417,18.393213,18.16772,18.4913,0.058544144,0.047231007,0.047564916,0.0551,292.6955914,-4.8754178,0.9514286,t17_f5_c3,1.0,18.477,0.0681,437120104.0,False,True,False,bulk_1.0.0,0.0,1.222479900415015e+18,ZTF18abuzkke
ztf,58967.39840279985,1213398400415015004,2,1213398400415,20.044092,1,1213,0.23717575,15.306122,15.196843,15.3851,0.041168146,0.037115317,0.037226308,0.0067,292.6956185,-4.8754327,0.87142855,t17_f5_c3,1.0,15.3768,0.0077,437120204.0,False,True,False,bulk_1.0.0,0.0,1.222479900415015e+18,ZTF18abuzkke
ztf,58967.439571800176,1213439570415015010,1,1213439570415,20.533339,1,1213,0.23819952,18.04843,17.8798,18.0991,0.05628603,0.047995467,0.0481891,0.0429,292.6955907,-4.8754293,0.95285714,t17_f5_c3,1.0,18.1204,0.0545,437120104.0,False,True,False,bulk_1.0.0,0.0,1.222479900415015e+18,ZTF18abuzkke
ztf,58970.418750000186,1216418740415015005,2,1216418740415,20.468184,1,1216,0.1963143,15.131912,15.038156,15.2109,0.041756775,0.038221747,0.038302243,0.005,292.6956123,-4.8754264,0.82,t17_f5_c3,0.99985045,15.2053,0.0056,437120204.0,False,True,False,bulk_1.0.0,0.0,1.222479900415015e+18,ZTF18abuzkke
ztf,58973.35787039995,1219357870415015006,2,1219357870415,19.089808,1,1219,0.23837629,14.968296,14.887177,15.0169,0.029736437,0.027511073,0.027595716,0.0076,292.6956113,-4.8754409,0.7542857,t17_f5_c3,0.999998,14.9962,0.0091,437120204.0,False,True,False,bulk_1.0.0,0.0,1.222479900415015e+18,ZTF18abuzkke
ztf,58973.494930599816,1219494930415015002,1,1219494930415,19.818586,1,1219,0.2867967,17.608185,17.492908,17.5939,0.053890884,0.04836809,0.0484624,0.0416,292.6955889,-4.8754465,0.93285716,t17_f5_c3,1.0,17.5958,0.0528,437120104.0,False,True,False,bulk_1.0.0,0.0,1.222479900415015e+18,ZTF18abuzkke
ztf,58976.358379600104,1222358370415015002,2,1222358370415,19.010258,1,1222,0.21711703,14.794078,14.724609,14.8406,0.027660588,0.025879506,0.025946215,0.0085,292.6956001,-4.8754342,0.8385714,t17_f5_c3,0.9999999,14.8267,0.0105,437120204.0,False,True,False,bulk_1.0.0,0.0,1.222479900415015e+18,ZTF18abuzkke
ztf,58976.479907399975,1222479900415015002,1,1222479900415,18.92367,1,1222,0.20827793,17.22721,17.14479,17.0846,0.042949222,0.039749194,0.03980964,0.0765,292.6955944,-4.8754241,0.92714286,t17_f5_c3,1.0,17.015,0.0919,437120104.0,False,True,False,bulk_1.0.0,0.0,1.225483630415015e+18,ZTF18abuzkke
ztf,58979.457025500014,1225457020415015001,1,1225457020415,19.31262,1,1225,0.13717398,17.00127,16.933867,17.0445,0.05707966,0.053613458,0.05364386,0.0513,292.695588,-4.8754048,0.93285716,t17_f5_c3,1.0,17.008,0.0634,437120104.0,False,True,False,bulk_1.0.0,0.0,1.225483630415015e+18,ZTF18abuzkke
ztf,58979.483634300064,1225483630415015001,2,1225483630415,19.592352,1,1225,0.14974819,14.647908,14.586949,14.6789,0.028182145,0.02659305,0.026643446,0.0058,292.69559,-4.8754153,0.8057143,t17_f5_c3,0.9999075,14.6698,0.007,437120204.0,False,True,False,bulk_1.0.0,0.0,1.244419380415015e+18,ZTF18abuzkke
ztf,58986.41996529978,1232419960415015019,1,1232419960415,20.83156,1,1232,0.20473331,16.431776,16.39138,16.4547,0.028987281,0.027907114,0.027928613,0.0099,292.6956063,-4.8754227,0.92142856,t17_f5_c3,0.999998,16.4556,0.0114,437120104.0,False,True,False,bulk_1.0.0,0.0,1.244419380415015e+18,ZTF18abuzkke
ztf,58986.462812500075,1232462810415015003,2,1232462810415,20.751053,1,1232,0.1670266,14.204025,14.163143,14.2514,0.03754308,0.036138725,0.036155727,0.0027,292.6955987,-4.87542,0.7714286,t17_f5_c3,0.999887,14.2451,0.0028,437120204.0,False,True,False,bulk_1.0.0,0.0,1.244419380415015e+18,ZTF18abuzkke
ztf,58992.46155089978,1238461550415015015,1,1238461550415,20.778887,1,1238,0.21540064,15.897066,15.872202,15.9211,0.024744429,0.02417467,0.02418421,0.0067,292.6956017,-4.8754249,0.8914286,t17_f5_c3,0.9999968,15.9127,0.0075,437120104.0,False,True,False,bulk_1.0.0,0.0,1.244419380415015e+18,ZTF18abuzkke
ztf,58995.354328699876,1241354320415015009,1,1241354320415,20.501305,1,1241,0.23242402,15.713824,15.692784,15.7327,0.032769613,0.03213555,0.03214071,0.0066,292.6956197,-4.8754258,0.9128571,t17_f5_c3,0.99999464,15.7308,0.0075,437120104.0,False,True,False,bulk_1.0.0,0.0,1.269378620415015e+18,ZTF18abuzkke
ztf,58995.45796300005,1241457960415015008,2,1241457960415,20.785324,1,1241,0.15664762,13.683485,13.657992,13.7282,0.029972704,0.029268885,0.029277163,0.002,292.6955935,-4.8754183,0.77428573,t17_f5_c3,0.9940659,13.7213,0.0021,437120204.0,False,True,False,bulk_1.0.0,0.0,1.269378620415015e+18,ZTF18abuzkke
ztf,58998.419386600144,1244419380415015014,1,1244419380415,20.897493,1,1244,0.19651578,15.501433,15.484102,15.5196,0.027595421,0.027154269,0.027158424,0.0051,292.6956017,-4.8754208,0.89285713,t17_f5_c3,0.99991965,15.512,0.0056,437120104.0,False,True,False,bulk_1.0.0,0.0,1.269378620415015e+18,ZTF18abuzkke
ztf,58998.46136569977,1244461360415015010,2,1244461360415,20.813007,1,1244,0.20033483,13.55312,13.530481,13.598,0.023901256,0.02339988,0.023408066,0.0019,292.6956024,-4.8754296,0.7614286,t17_f5_c3,0.99958026,13.5916,0.0019,437120204.0,False,True,False,bulk_1.0.0,0.0,1.269378620415015e+18,ZTF18abuzkke
ztf,59001.396620399784,1247396620415015004,1,1247396620415,20.275787,1,1247,0.21065387,15.357573,15.342378,15.379,0.026876595,0.026499785,0.026503066,0.0061,292.6956066,-4.8754225,0.91714287,t17_f5_c3,0.9999999,15.3743,0.007,437120104.0,False,True,False,bulk_1.0.0,0.0,1.269378620415015e+18,ZTF18abuzkke
ztf,59001.45496529993,1247454960415015003,2,1247454960415,20.023474,1,1247,0.15851717,13.482895,13.461661,13.5121,0.029060382,0.028491644,0.028497567,0.0022,292.6955877,-4.8754201,0.79,t17_f5_c3,0.9998921,13.5061,0.0023,437120204.0,False,True,False,bulk_1.0.0,0.0,1.269378620415015e+18,ZTF18abuzkke
ztf,59010.344548599795,1256344540415015006,2,1256344540415,20.014809,1,1256,0.20206803,13.335649,13.317084,13.3749,0.033382054,0.032812204,0.032816146,0.0019,292.6955988,-4.8754283,0.7557143,t17_f5_c3,0.9997027,13.3676,0.002,437120204.0,False,True,False,bulk_1.0.0,0.0,1.269378620415015e+18,ZTF18abuzkke
ztf,59013.3515625,1259351560415015010,2,1259351560415,20.45273,1,1259,0.23244022,13.325845,13.3074465,13.3776,0.028941112,0.028450359,0.028454823,0.0017,292.6956101,-4.8754356,0.74142855,t17_f5_c3,0.99863756,13.3684,0.0018,437120204.0,False,True,False,bulk_1.0.0,0.0,1.269378620415015e+18,ZTF18abuzkke
ztf,59013.38703700015,1259387030415015011,1,1259387030415,20.493523,1,1259,0.21431373,15.250784,15.237003,15.2819,0.036634453,0.036170423,0.0361724,0.0049,292.6956027,-4.875425,0.8971428,t17_f5_c3,0.99999166,15.272,0.0054,437120104.0,False,True,False,bulk_1.0.0,0.0,1.269378620415015e+18,ZTF18abuzkke
ztf,59016.3587962999,1262358790415015018,1,1262358790415,20.192522,1,1262,0.20372126,15.182692,15.169744,15.2136,0.029981056,0.0296235,0.029625634,0.0062,292.695598,-4.8754229,0.8414286,t17_f5_c3,0.9994363,15.2081,0.007,437120104.0,False,True,False,bulk_1.0.0,0.0,1.269378620415015e+18,ZTF18abuzkke
ztf,59019.27342589991,1265273420415015010,1,1265273420415,20.56301,1,1265,0.18432245,15.343989,15.328981,15.3893,0.03978271,0.03923443,0.03923659,0.0054,292.6956045,-4.8754163,0.89857143,t17_f5_c3,0.99996114,15.3797,0.0059,437120104.0,False,True,False,bulk_1.0.0,0.0,1.269378620415015e+18,ZTF18abuzkke
ztf,59019.3584143999,1265358410415015003,2,1265358410415,20.777855,1,1265,0.1505681,13.430188,13.409951,13.48,0.029546099,0.0289952,0.02900049,0.0018,292.6956007,-4.8754153,0.7728571,t17_f5_c3,0.99968076,13.4721,0.0018,437120204.0,False,True,False,bulk_1.0.0,0.0,1.269378620415015e+18,ZTF18abuzkke
ztf,59023.33559030015,1269335590415015007,1,1269335590415,20.86796,1,1269,0.21103701,15.519216,15.5016,15.5583,0.030002989,0.0295162,0.029520147,0.0053,292.6956028,-4.875423,0.88714284,t17_f5_c3,0.9999939,15.5541,0.0058,437120104.0,False,True,False,bulk_1.0.0,0.0,1.269378620415015e+18,ZTF18abuzkke
ztf,59023.378622699995,1269378620415015009,2,1269378620415,20.705763,1,1269,0.1704347,13.538108,13.515778,13.5763,0.020521488,0.020094456,0.020103734,0.0019,292.6955968,-4.8754227,0.78571427,t17_f5_c3,0.9996275,13.569,0.0019,437120204.0,False,True,False,bulk_1.0.0,0.0,1.288327830415015e+18,ZTF18abuzkke
ztf,59026.46468750015,1272464680415015012,2,1272464680415,20.618334,1,1272,0.20055224,13.613229,13.589316,13.6535,0.027563175,0.026954833,0.026962753,0.002,292.6956082,-4.875428,0.76428574,t17_f5_c3,0.9992784,13.6456,0.002,437120204.0,False,True,False,bulk_1.0.0,0.0,1.300272870415015e+18,ZTF18abuzkke
ztf,59029.279606500175,1275279600415015002,1,1275279600415,19.520514,1,1275,0.407884,15.796061,15.773382,15.8655,0.031141546,0.030491527,0.030497832,0.0094,292.6955965,-4.8754765,0.6571429,t17_f5_c3,0.9877478,15.8117,0.0108,437120104.0,False,True,False,bulk_1.0.0,0.0,1.300272870415015e+18,ZTF18abuzkke
ztf,59032.37842589989,1278378420415015003,1,1278378420415,19.827576,1,1278,0.21521734,15.959683,15.933361,15.9763,0.028142465,0.027458994,0.027468393,0.0125,292.6955911,-4.8754275,0.94,t17_f5_c3,1.0,15.9682,0.0153,437120104.0,False,True,False,bulk_1.0.0,0.0,1.300272870415015e+18,ZTF18abuzkke
ztf,59036.246053200215,1282246050415015001,1,1282246050415,18.951216,1,1282,0.2686412,16.111673,16.081451,16.1887,0.04194787,0.040787987,0.040796302,0.0276,292.695614,-4.8754378,0.92714286,t17_f5_c3,0.9999995,16.1891,0.0352,437120104.0,False,True,False,bulk_1.0.0,0.0,1.310312750415015e+18,ZTF18abuzkke
ztf,59036.35724540008,1282357240415015007,2,1282357240415,19.455204,1,1282,0.14266007,13.928009,13.896171,13.9637,0.02394029,0.023232292,0.023248462,0.0034,292.6955904,-4.8754162,0.8042857,t17_f5_c3,0.9999983,13.9599,0.004,437120204.0,False,True,False,bulk_1.0.0,0.0,1.310312750415015e+18,ZTF18abuzkke
ztf,59039.266724499874,1285266720415015005,2,1285266720415,20.315107,1,1285,0.2171888,13.998818,13.964868,14.043,0.04072591,0.039461333,0.039472137,0.0025,292.6956004,-4.8754342,0.7871429,t17_f5_c3,0.9998909,14.0341,0.0027,437120204.0,False,True,False,bulk_1.0.0,0.0,1.310312750415015e+18,ZTF18abuzkke
ztf,59039.33866900019,1285338660415015005,1,1285338660415,19.869026,1,1285,0.20450541,16.217598,16.184324,16.2708,0.030645221,0.029706532,0.029720327,0.0143,292.6955958,-4.8754229,0.93,t17_f5_c3,1.0,16.2691,0.0177,437120104.0,False,True,False,bulk_1.0.0,0.0,1.310312750415015e+18,ZTF18abuzkke
ztf,59042.32783559989,1288327830415015011,1,1288327830415,20.461126,1,1288,0.18403466,16.401812,16.362495,16.4241,0.028524248,0.027489144,0.02750984,0.0117,292.6955894,-4.8754215,0.9285714,t17_f5_c3,0.99999547,16.4084,0.0139,437120104.0,False,True,False,bulk_1.0.0,0.0,1.310312750415015e+18,ZTF18abuzkke
ztf,59042.379189800005,1288379180415015010,2,1288379180415,20.356506,1,1288,0.19271567,14.094549,14.057522,14.1347,0.032137413,0.031043615,0.031059906,0.0027,292.6955849,-4.8754296,0.80714285,t17_f5_c3,0.999941,14.1305,0.0029,437120204.0,False,True,False,bulk_1.0.0,0.0,1.310312750415015e+18,ZTF18abuzkke
ztf,59045.27486110013,1291274860415015011,1,1291274860415,20.74708,1,1291,0.24890779,16.50568,16.462496,16.5262,0.027706595,0.026600493,0.026626203,0.0103,292.6955905,-4.875435,0.93,t17_f5_c3,0.99999493,16.5136,0.0119,437120104.0,False,True,False,bulk_1.0.0,0.0,1.310312750415015e+18,ZTF18abuzkke
ztf,59045.338391200174,1291338390415015012,2,1291338390415,20.646095,1,1291,0.25600168,14.147244,14.108409,14.204,0.03191486,0.030775422,0.03079347,0.0026,292.6955919,-4.875447,0.8057143,t17_f5_c3,0.99956214,14.1951,0.0027,437120204.0,False,True,False,bulk_1.0.0,0.0,1.310312750415015e+18,ZTF18abuzkke
ztf,59048.356898100115,1294356890415015010,1,1294356890415,20.743597,1,1294,0.19203512,16.619888,16.572018,16.6441,0.028761417,0.027490422,0.02752086,0.0115,292.6955985,-4.8754178,0.93142855,t17_f5_c3,0.99999964,16.6364,0.0135,437120104.0,False,True,False,bulk_1.0.0,0.0,1.3222739504150152e+18,ZTF18abuzkke
ztf,59048.394189800136,1294394180415015011,2,1294394180415,20.751453,1,1294,0.13723254,14.234065,14.192058,14.2749,0.037710063,0.03626106,0.03627893,0.0027,292.6955862,-4.8754136,0.7842857,t17_f5_c3,0.99992096,14.2694,0.0028,437120204.0,False,True,False,bulk_1.0.0,0.0,1.3222739504150152e+18,ZTF18abuzkke
ztf,59051.3162153,1297316210415015010,1,1297316210415,20.823677,1,1297,0.19740455,16.670525,16.62042,16.7132,0.040989693,0.039117705,0.039141096,0.0118,292.6955894,-4.8754191,0.92,t17_f5_c3,0.9999995,16.6972,0.0137,437120104.0,False,True,False,bulk_1.0.0,0.0,1.3222739504150152e+18,ZTF18abuzkke
ztf,59051.33708330011,1297337080415015007,2,1297337080415,20.480604,1,1297,0.1925242,14.335019,14.289004,14.3643,0.031719405,0.030377693,0.03040319,0.0029,292.6955917,-4.8754306,0.82285714,t17_f5_c3,0.99999905,14.3575,0.0031,437120204.0,False,True,False,bulk_1.0.0,0.0,1.3222739504150152e+18,ZTF18abuzkke
ztf,59054.27287039999,1300272870415015011,1,1300272870415,20.766357,1,1300,0.21649937,16.81627,16.759155,16.8395,0.03967811,0.037613355,0.03764476,0.0131,292.695603,-4.8754262,0.93,t17_f5_c3,1.0,16.8495,0.0157,437120104.0,False,True,False,bulk_1.0.0,0.0,1.3222739504150152e+18,ZTF18abuzkke
ztf,59054.33732639998,1300337320415015014,2,1300337320415,20.509201,1,1300,0.17614591,14.40237,14.353477,14.439,0.024810357,0.023681033,0.02371785,0.003,292.6955969,-4.8754212,0.8371429,t17_f5_c3,0.99999917,14.4312,0.0032,437120204.0,False,True,False,bulk_1.0.0,0.0,1.3222739504150152e+18,ZTF18abuzkke
ztf,59057.25234950008,1303252340415015007,1,1303252340415,20.271954,1,1303,0.1776824,16.94859,16.884285,16.9717,0.0359564,0.033844747,0.03388869,0.0191,292.6956037,-4.8754161,0.93,t17_f5_c3,0.9999999,16.9764,0.0236,437120104.0,False,True,False,bulk_1.0.0,0.0,1.3222739504150152e+18,ZTF18abuzkke
ztf,59057.31574069988,1303315740415015012,2,1303315740415,20.748167,1,1303,0.20362706,14.475274,14.423064,14.5215,0.02939565,0.027980126,0.028015554,0.0031,292.6955892,-4.8754344,0.8314286,t17_f5_c3,0.9999665,14.5135,0.0033,437120204.0,False,True,False,bulk_1.0.0,0.0,1.313324390415015e+18,ZTF18abuzkke
ztf,59064.21599540021,1310215990415015003,1,1310215990415,18.66093,1,1310,0.1703253,17.186796,17.107283,17.2721,0.05499283,0.05106544,0.05110937,0.099,292.6955949,-4.8754113,0.93857145,t17_f5_c3,1.0,17.2551,0.1252,437120104.0,False,True,False,bulk_1.0.0,0.0,1.313324390415015e+18,ZTF18abuzkke
ztf,59064.31275459984,1310312750415015003,2,1310312750415,18.703585,1,1310,0.17559971,14.627889,14.568013,14.7016,0.033849463,0.031992823,0.03203329,0.0088,292.6955963,-4.875426,0.79285717,t17_f5_c3,0.9999999,14.6945,0.0109,437120204.0,False,True,False,bulk_1.0.0,0.0,1.313324390415015e+18,ZTF18abuzkke
ztf,59067.29197920021,1313291970415015003,2,1313291970415,20.01225,1,1313,0.17862129,14.747003,14.680393,14.7898,0.035961326,0.033774283,0.033821426,0.0045,292.695598,-4.8754236,0.8428571,t17_f5_c3,0.99998194,14.7835,0.0052,437120204.0,False,True,False,bulk_1.0.0,0.0,1.3222739504150152e+18,ZTF18abuzkke
ztf,59067.32439809991,1313324390415015005,1,1313324390415,19.730366,1,1313,0.20686768,17.31004,17.221348,17.3161,0.049045283,0.045136858,0.045198157,0.0434,292.6955921,-4.8754246,0.9357143,t17_f5_c3,1.0,17.2743,0.0531,437120104.0,False,True,False,bulk_1.0.0,0.0,1.3222739504150152e+18,ZTF18abuzkke
ztf,59070.29983799998,1316299830415015007,2,1316299830415,20.5534,1,1316,0.182004,14.8362,14.764072,14.8881,0.048211,0.045071103,0.04511233,0.004,292.6955925,-4.875426,0.77,t17_f5_c3,,14.8816,0.0044,,False,True,False,bulk_1.0.0,0.0,1.327356500415015e+18,ZTF18abuzkke
ztf,59070.31803240022,1316318030415015003,1,1316318030415,20.3418,1,1316,0.224932,17.4551,17.354301,17.5289,0.045261,0.041162383,0.041248225,0.0322,292.6955932,-4.8754294,0.942857,t17_f5_c3,,17.5087,0.0397,,False,True,False,bulk_1.0.0,0.0,1.327356500415015e+18,ZTF18abuzkke
ztf,59073.23026619991,1319230260415015008,1,1319230260415,20.801445,1,1319,0.163241,17.596003,17.481947,17.6583,0.050179444,0.04507643,0.04517559,0.0252,292.6955979,-4.8754117,0.9442857,t17_f5_c3,0.99999994,17.6606,0.031,437120104.0,False,True,False,bulk_1.0.0,0.0,1.3222739504150152e+18,ZTF18abuzkke
ztf,59073.29914350016,1319299140415015009,2,1319299140415,20.692398,1,1319,0.17682654,14.938872,14.859846,14.9881,0.037825227,0.035106774,0.03516989,0.0041,292.6955876,-4.8754256,0.80857146,t17_f5_c3,0.99998593,14.9825,0.0045,437120204.0,False,True,False,bulk_1.0.0,0.0,1.3222739504150152e+18,ZTF18abuzkke
ztf,59076.273958299775,1322273950415015041,1,1322273950415,17.675577,1,1322,0.31687522,17.73565,17.606834,17.6145,0.20808603,0.1847759,0.18480638,0.318,292.6955658,-4.8754519,0.6585714,t17_f5_c3,0.9999973,17.8645,0.5133,437120104.0,False,True,False,bulk_1.0.0,0.0,1.327356500415015e+18,ZTF18abuzkke
ztf,59076.315277799964,1322315270415015012,2,1322315270415,19.891796,1,1322,0.12707388,15.058231,14.970384,15.1016,0.032211605,0.029616352,0.029707998,0.0069,292.6956016,-4.8754075,0.8157143,t17_f5_c3,0.9999752,15.0967,0.0081,437120204.0,False,True,False,bulk_1.0.0,0.0,1.327356500415015e+18,ZTF18abuzkke
ztf,59081.2317476999,1327231740415015009,1,1327231740415,20.441193,1,1327,0.20388153,17.936104,17.782934,17.9333,0.06817514,0.05907326,0.05920499,0.0427,292.6955967,-4.8754231,0.93714285,t17_f5_c3,1.0,17.9703,0.055,437120104.0,False,True,False,bulk_1.0.0,0.0,1.354252920415015e+18,ZTF18abuzkke
ztf,59081.35650460003,1327356500415015005,2,1327356500415,19.678497,1,1327,0.2859743,15.171694,15.07459,15.2318,0.03249351,0.02960253,0.029713586,0.0074,292.6955765,-4.8754554,0.8842857,t17_f5_c3,1.0,15.2317,0.0088,437120204.0,False,True,False,bulk_1.0.0,0.0,1.354252920415015e+18,ZTF18abuzkke
ztf,59094.29447920015,1340294470415015004,2,1340294470415,18.958529,1,1340,0.1627004,15.653888,15.506053,15.6741,0.03883989,0.03367983,0.033895653,0.0222,292.6955771,-4.8754193,0.86,t17_f5_c3,1.0,15.6704,0.0281,437120204.0,False,True,False,bulk_1.0.0,0.0,1.369252590415015e+18,ZTF18abuzkke
ztf,59097.193368100096,1343193360415015004,1,1343193360415,19.80024,1,1343,0.30680594,18.732538,18.434801,18.767,0.09030228,0.06826611,0.06864424,0.1394,292.6955679,-4.8754492,0.94,t17_f5_c3,0.99999857,18.7641,0.1776,437120104.0,False,True,False,bulk_1.0.0,0.0,1.369252590415015e+18,ZTF18abuzkke
ztf,59108.25292820018,1354252920415015007,1,1354252920415,19.552309,1,1354,0.080391884,19.022005,18.647488,19.1509,0.20433338,0.14445642,0.1447213,0.2769,292.6955676,-4.875363,0.87714285,t17_f5_c3,0.99999994,19.072,0.3294,437120104.0,False,True,False,bulk_1.0.0,0.0,1.369252590415015e+18,ZTF18abuzkke
ztf,59111.127199099865,1357127190415015008,1,1357127190415,20.571262,1,1357,0.11935228,19.426058,18.917376,19.716,0.14271244,0.088620625,0.08932833,0.1886,292.6956187,-4.8753827,0.85714287,t17_f5_c3,0.9999945,19.8915,0.2811,437120104.0,False,True,False,bulk_1.0.0,0.0,1.369252590415015e+18,ZTF18abuzkke
ztf,59111.23381939996,1357233810415015006,2,1357233810415,20.248962,1,1357,0.18583997,16.128084,15.907077,16.1703,0.03669466,0.029422114,0.02993642,0.0121,292.6955891,-4.8754272,0.87857145,t17_f5_c3,0.99999976,16.1582,0.0144,437120204.0,False,True,False,bulk_1.0.0,0.0,1.387138810415015e+18,ZTF18abuzkke
ztf,59123.25259259995,1369252590415015005,2,1369252590415,18.97494,1,1369,0.2552614,16.491827,16.194021,16.5257,0.037148,0.02730414,0.028236639,0.0392,292.6956095,-4.8754414,0.92285717,t17_f5_c3,1.0,16.5914,0.053,437120204.0,False,True,False,bulk_1.0.0,0.0,1.387138810415015e+18,ZTF18abuzkke
ztf,59125.110949099995,1371110940415015008,2,1371110940415,20.08295,1,1371,0.21503918,16.537348,16.228447,16.5985,0.03894038,0.028340736,0.029298117,0.0188,292.6955857,-4.8754358,0.9071429,t17_f5_c3,0.9999999,16.6097,0.0235,437120204.0,False,True,False,bulk_1.0.0,0.0,1.387138810415015e+18,ZTF18abuzkke
ztf,59128.24479170004,1374244790415015007,2,1374244790415,19.557371,1,1374,0.1882738,16.619345,16.289557,16.6766,0.043183174,0.03088719,0.031871237,0.0308,292.6955898,-4.875428,0.93714285,t17_f5_c3,1.0,16.6978,0.0396,437120204.0,False,True,False,bulk_1.0.0,0.0,1.387138810415015e+18,ZTF18abuzkke
ztf,59130.12943289988,1376129430415015020,2,1376129430415,20.344915,1,1376,0.18188782,16.693619,16.343878,16.7554,0.04710199,0.03311546,0.034130488,0.0165,292.6955936,-4.8754266,0.8971428,t17_f5_c3,0.99999994,16.7365,0.0196,437120204.0,False,True,False,bulk_1.0.0,0.0,1.387138810415015e+18,ZTF18abuzkke
ztf,59135.156377300154,1381156370415015010,2,1381156370415,20.258076,1,1381,0.15131108,16.860558,16.462223,16.9282,0.04680721,0.031096255,0.032432396,0.0212,292.6955785,-4.8754171,0.9028571,t17_f5_c3,1.0,16.9028,0.0255,437120204.0,False,True,False,bulk_1.0.0,0.0,1.387138810415015e+18,ZTF18abuzkke
ztf,59137.12439810019,1383124390415015008,2,1383124390415,20.580011,1,1383,0.19691533,16.924536,16.50615,16.9475,0.051851008,0.03393994,0.035269767,0.0183,292.6955861,-4.8754318,0.8414286,t17_f5_c3,0.9999997,16.9324,0.0218,437120204.0,False,True,False,bulk_1.0.0,0.0,1.387138810415015e+18,ZTF18abuzkke
ztf,59139.12943289988,1385129430415015010,2,1385129430415,20.440962,1,1385,0.18171902,17.024567,16.57318,17.0732,0.0537624,0.033975706,0.035475075,0.0219,292.6955675,-4.8754236,0.88714284,t17_f5_c3,1.0,17.0761,0.0268,437120204.0,False,True,False,bulk_1.0.0,0.0,1.387138810415015e+18,ZTF18abuzkke
ztf,59141.13881940022,1387138810415015008,2,1387138810415,20.541245,1,1387,0.17205958,17.140388,16.648201,17.1827,0.05301942,0.031870995,0.033694588,0.0228,292.695578,-4.8754233,0.89857143,t17_f5_c3,0.9999999,17.1813,0.0278,437120204.0,False,True,False,bulk_1.0.0,0.0,1.400163880415015e+18,ZTF18abuzkke
ztf,59145.12152779987,1391121520415015012,2,1391121520415,20.32178,1,1391,0.19405681,17.249723,16.716398,17.3088,0.051020678,0.028966274,0.031218817,0.0301,292.6955817,-4.8754289,0.8157143,t17_f5_c3,0.99999976,17.2725,0.0362,437120204.0,False,True,False,bulk_1.0.0,0.0,1.400163880415015e+18,ZTF18abuzkke
ztf,59150.12472219998,1396124720415015006,2,1396124720415,19.36362,1,1396,0.35555756,17.422396,16.818758,17.4419,0.0576967,0.030516287,0.03308994,0.0503,292.6955322,-4.8754608,0.8157143,t17_f5_c3,1.0,17.4308,0.0632,437120204.0,False,True,False,bulk_1.0.0,0.0,1.400163880415015e+18,ZTF18abuzkke
ztf,59152.173194400035,1398173190415015006,2,1398173190415,19.4202,1,1398,0.253322,17.3721,16.789629,17.4918,0.05896,0.03215168,0.034480117,0.0653,292.6955928,-4.8754474,0.937143,t17_f5_c3,,17.4764,0.0821,,False,True,False,bulk_1.0.0,0.0,1.400163880415015e+18,ZTF18abuzkke
ztf,59154.163888900075,1400163880415015005,2,1400163880415,19.13671,1,1400,0.29049078,17.49441,16.859474,17.5903,0.06365158,0.03288643,0.035467833,0.0798,292.6955919,-4.8754567,0.9114286,t17_f5_c3,1.0,17.6392,0.1066,437120204.0,False,True,False,bulk_1.0.0,0.0,1.410124590415015e+18,ZTF18abuzkke
ztf,59158.1106480998,1404110640415015005,2,1404110640415,19.818361,1,1404,0.17718989,17.587318,16.91026,17.7359,0.073404945,0.03680168,0.03934613,0.0502,292.6955703,-4.8754232,0.91714287,t17_f5_c3,1.0,17.7328,0.0631,437120204.0,False,True,False,bulk_1.0.0,0.0,1.410124590415015e+18,ZTF18abuzkke
ztf,59164.124594899826,1410124590415015007,2,1410124590415,19.61437,1,1410,0.415986,17.663506,16.950432,17.6993,0.066003844,0.031027324,0.034224704,0.053,292.6955445,-4.8754831,0.8457143,t17_f5_c3,0.99999994,17.666,0.0649,437120204.0,False,True,False,bulk_1.0.0,0.0,1.415145060415015e+18,ZTF18abuzkke
ztf,59169.14506939985,1415145060415015011,2,1415145060415,19.255022,1,1415,0.32250866,17.589802,16.91159,17.7086,0.059022248,0.0283643,0.031603213,0.0654,292.6955672,-4.8754645,0.74714285,t17_f5_c3,0.99999994,17.6565,0.0792,437120204.0,True,True,False,bulk_1.0.0,0.0,0.0,ZTF18abuzkke
ztf,59262.55777780013,1508557770415015009,2,1508557770415,19.2356,1,1508,0.315643,13.0083,12.994537,13.0391,0.020958,0.020690573,0.020694025,0.0018,292.6956381,-4.8754463,0.658571,t17_f5_c3,,13.0298,0.0019,,False,True,False,correction_0.0.1,0.0,,ZTF18abuzkke
ztf,59262.56020830013,1508560200415015008,2,1508560200415,19.0172,1,1508,0.29049,12.99,12.976466,13.0383,0.023304,0.02301232,0.02301532,0.0019,292.695616,-4.875449,0.647143,t17_f5_c3,,13.0273,0.0021,,False,True,False,correction_0.0.1,0.0,,ZTF18abuzkke
ztf,59262.562627300154,1508562620415015006,2,1508562620415,18.676554,1,1508,0.3770093,13.007997,12.994238,13.0462,0.019571606,0.019321468,0.01932516,0.002,292.6956351,-4.8754687,0.58,t17_f5_c3,0.99212563,13.0323,0.0023,437120204.0,True,True,False,correction_0.0.1,0.0,,ZTF18abuzkke
ztf,59262.5650578998,1508565050415015008,2,1508565050415,18.570383,1,1508,0.341898,13.018904,13.005008,13.0423,0.01476872,0.014575905,0.014580898,0.0023,292.6956359,-4.8754567,0.63285714,t17_f5_c3,0.9999564,13.0293,0.0027,437120204.0,True,True,False,correction_0.0.1,0.0,,ZTF18abuzkke
ztf,59263.55924770003,1509559240415015004,2,1509559240415,18.54,1,1509,0.355912,13.0154,13.001548,13.1114,0.013705,0.013525915,0.013531261,0.002,292.6956206,-4.8754688,0.361429,t17_f5_c3,,13.047,0.0021,,False,True,False,correction_0.0.1,0.0,,ZTF18abuzkke
ztf,59263.56167820003,1509561670415015004,2,1509561670415,18.3834,1,1509,0.29626,12.9993,12.985651,13.096,0.015762,0.015560575,0.015565088,0.0021,292.6955844,-4.8754587,0.392857,t17_f5_c3,,13.049,0.0023,,False,True,False,correction_0.0.1,0.0,,ZTF18abuzkke
ztf,59263.564097200055,1509564090415015006,2,1509564090415,18.1078,1,1509,0.480599,12.971,12.9577,13.1011,0.016618,0.016411606,0.01641567,0.0024,292.6956264,-4.875504,0.381429,t17_f5_c3,,13.0504,0.0028,,False,True,False,correction_0.0.1,0.0,,ZTF18abuzkke
ztf,59264.556273099966,1510556270415015003,2,1510556270415,19.4837,1,1510,0.244794,12.9984,12.984761,13.0307,0.025269,0.024950767,0.024953578,0.0017,292.6956068,-4.8754402,0.725714,t17_f5_c3,,13.0228,0.0019,,False,True,False,correction_0.0.1,0.0,,ZTF18abuzkke
ztf,59264.55871530017,1510558710415015004,2,1510558710415,19.189098,1,1510,0.270561,13.030454,13.01641,13.0366,0.02323973,0.022937817,0.022941057,0.0019,292.6956229,-4.8754398,0.7157143,t17_f5_c3,0.9999928,13.0281,0.0021,437120204.0,True,True,False,correction_0.0.1,0.0,,ZTF18abuzkke
ztf,59264.561134300195,1510561130415015007,2,1510561130415,18.999487,1,1510,0.25872353,13.019202,13.005302,13.0403,0.015879802,0.01567315,0.015677795,0.0021,292.6956158,-4.8754412,0.7114286,t17_f5_c3,0.99999976,13.0324,0.0024,437120204.0,True,True,False,correction_0.0.1,0.0,,ZTF18abuzkke
ztf,59264.56356480019,1510563560415015008,2,1510563560415,18.761948,1,1510,0.24607585,13.03912,13.024963,13.0657,0.020885853,0.020611646,0.02061531,0.0025,292.6956181,-4.8754357,0.68714285,t17_f5_c3,0.999999,13.056,0.0029,437120204.0,True,True,False,correction_0.0.1,0.0,,ZTF18abuzkke
ztf,59265.55386570003,1511553860415015003,2,1511553860415,19.124388,1,1511,0.28407243,12.956053,12.942933,13.0002,0.015451124,0.01526129,0.015265543,0.0017,292.6956065,-4.8754517,0.62142855,t17_f5_c3,0.9446748,12.9764,0.0019,437120204.0,True,True,False,correction_0.0.1,0.0,,ZTF18abuzkke
ztf,59265.55623839982,1511556230415015002,2,1511556230415,18.823942,1,1511,0.32388136,12.936914,12.924023,13.0261,0.018859396,0.018633425,0.01863679,0.0018,292.6956165,-4.8754606,0.51428574,t17_f5_c3,0.4052868,12.9913,0.002,437120204.0,True,True,False,correction_0.0.1,0.0,,ZTF18abuzkke
ztf,59265.558611100074,1511558610415015002,2,1511558610415,18.593145,1,1511,0.33534428,12.975229,12.961878,13.0517,0.016223349,0.016020868,0.016025063,0.002,292.6956193,-4.8754631,0.46714285,t17_f5_c3,0.81640816,13.0076,0.0022,437120204.0,True,True,False,correction_0.0.1,0.0,,ZTF18abuzkke
ztf,59265.56099539995,1511560990415015003,2,1511560990415,18.3397,1,1511,0.33336,12.9448,12.931815,13.0246,0.011233,0.011093725,0.011099457,0.0022,292.6956003,-4.8754678,0.448571,t17_f5_c3,,12.9803,0.0025,,False,True,False,correction_0.0.1,0.0,,ZTF18abuzkke
ztf,59265.56336810021,1511563360415015001,2,1511563360415,18.047632,1,1511,0.3125997,12.95648,12.943356,13.0329,0.010353805,0.010223045,0.0102293985,0.0027,292.6956008,-4.8754614,0.48142856,t17_f5_c3,0.7888615,12.9902,0.0032,437120204.0,True,True,False,correction_0.0.1,0.0,,ZTF18abuzkke
ztf,59272.536608799826,1518536600415015002,2,1518536600415,18.622534,1,1518,0.21863036,12.989097,12.9755745,12.9926,0.018230617,0.01800114,0.018004969,0.0022,292.6956045,-4.8754335,0.64,t17_f5_c3,0.9962564,12.9796,0.0025,437120204.0,True,True,False,correction_0.0.1,0.0,,ZTF18abuzkke
ztf,59272.53968749987,1518539680415015001,2,1518539680415,18.73979,1,1518,0.22530797,12.9158,12.903155,12.9639,0.022363689,0.022102015,0.022104746,0.0021,292.6955944,-4.8754379,0.6471428,t17_f5_c3,0.999979,12.953,0.0024,437120204.0,True,True,False,correction_0.0.1,0.0,,ZTF18abuzkke
ztf,59272.542754599825,1518542750415015002,2,1518542750415,18.714214,1,1518,0.220923,12.934223,12.921363,12.9703,0.019478353,0.019245762,0.019249003,0.0021,292.6956119,-4.8754299,0.65,t17_f5_c3,0.9999378,12.9577,0.0024,437120204.0,True,True,False,correction_0.0.1,0.0,,ZTF18abuzkke
ztf,59272.5458217999,1518545820415015002,2,1518545820415,18.716478,1,1518,0.2564835,12.959875,12.94671,12.9879,0.0146512855,0.014470181,0.014474698,0.0021,292.6956173,-4.875439,0.6585714,t17_f5_c3,0.9999174,12.975,0.0024,437120204.0,True,True,False,correction_0.0.1,0.0,,ZTF18abuzkke
ztf,59272.54890049994,1518548900415015003,2,1518548900415,18.759241,1,1518,0.26588607,12.931245,12.91842,12.9732,0.020837903,0.020590195,0.02059321,0.002,292.6956204,-4.875441,0.6514286,t17_f5_c3,0.9974636,12.9616,0.0023,437120204.0,True,True,False,correction_0.0.1,0.0,,ZTF18abuzkke
ztf,59273.539467600174,1519539460415015000,2,1519539460415,18.2878,1,1519,0.378647,13.1784,13.162321,13.1549,0.018755,0.018474031,0.018479295,0.0022,292.6956176,-4.8754766,0.375714,t17_f5_c3,,13.0821,0.0024,,False,True,False,correction_0.0.1,0.0,,ZTF18abuzkke
ztf,59273.54246529983,1519542460415015006,2,1519542460415,18.1426,1,1519,0.36573,12.9312,12.918376,13.0552,0.012618,0.0124648595,0.0124698365,0.0022,292.6955061,-4.8754424,0.365714,t17_f5_c3,,12.9806,0.0024,,False,True,False,correction_0.0.1,0.0,,ZTF18abuzkke
ztf,59273.54546299996,1519545460415015014,2,1519545460415,18.1748,1,1519,0.361095,13.0165,13.002635,13.1345,0.011633,0.0114790695,0.01148538,0.0022,292.6955791,-4.8754768,0.368571,t17_f5_c3,,13.0566,0.0024,,False,True,False,correction_0.0.1,0.0,,ZTF18abuzkke
ztf,59273.548460599966,1519548460415015004,2,1519548460415,18.179632,1,1519,0.23079096,12.89112,12.878757,13.0138,0.017069511,0.01687284,0.01687626,0.0021,292.6955722,-4.8754391,0.38857144,t17_f5_c3,0.22645372,12.9517,0.0023,437120204.0,True,True,False,correction_0.0.1,0.0,,ZTF18abuzkke
ztf,59273.55350690009,1519553500415015002,2,1519553500415,18.485907,1,1519,0.37526068,12.896352,12.88393,12.9831,0.01828424,0.018073026,0.018076247,0.0021,292.695596,-4.8754802,0.52428573,t17_f5_c3,0.92625517,12.9563,0.0023,437120204.0,True,True,False,correction_0.0.1,0.0,,ZTF18abuzkke
ztf,59274.53539349977,1520535390415015001,2,1520535390415,18.4138,1,1520,0.39696,12.9498,12.936755,13.1034,0.018307,0.018084817,0.018088365,0.002,292.6956383,-4.8754732,0.37,t17_f5_c3,,13.0205,0.0021,,False,True,False,correction_0.0.1,0.0,,ZTF18abuzkke
ztf,59274.538391199894,1520538390415015004,2,1520538390415,18.596441,1,1520,0.35831302,12.943555,12.930585,13.0214,0.01398091,0.013810293,0.013814887,0.0019,292.6955965,-4.8754754,0.39571428,t17_f5_c3,0.4968959,12.9699,0.002,437120204.0,True,True,False,correction_0.0.1,0.0,,ZTF18abuzkke
ztf,59274.54138890002,1520541380415015003,2,1520541380415,18.835495,1,1520,0.41515553,12.92056,12.90786,13.0077,0.02066648,0.020423168,0.020426149,0.0018,292.6956244,-4.8754851,0.5371429,t17_f5_c3,0.68596685,12.9781,0.002,437120204.0,True,True,False,correction_0.0.1,0.0,,ZTF18abuzkke
ztf,59274.544375000056,1520544370415015002,2,1520544370415,18.869432,1,1520,0.22397782,12.957453,12.944317,12.9919,0.013228042,0.013063978,0.013068959,0.0018,292.6956099,-4.875432,0.57285714,t17_f5_c3,0.79231256,12.9663,0.002,437120204.0,True,True,False,correction_0.0.1,0.0,,ZTF18abuzkke
ztf,59274.549328700174,1520549320415015002,2,1520549320415,18.705608,1,1520,0.3109184,12.977462,12.964083,13.0052,0.018911349,0.018676126,0.01867974,0.0018,292.6956179,-4.8754556,0.4857143,t17_f5_c3,0.6995721,12.9729,0.002,437120204.0,True,True,False,correction_0.0.1,0.0,,ZTF18abuzkke
ztf,59300.46593749989,1546465930415015006,2,1546465930415,18.635702,1,1546,0.29669532,13.427054,13.406876,13.4814,0.015635177,0.015337325,0.01534727,0.0028,292.6956098,-4.875456,0.57,t17_f5_c3,0.9924991,13.4593,0.0032,437120204.0,True,True,False,correction_0.0.1,0.0,,ZTF18abuzkke
ztf,59300.50300930021,1546503000415015002,1,1546503000415,18.879753,1,1546,0.31844217,15.557705,15.539459,15.6049,0.025323374,0.024896363,0.02490138,0.0136,292.6955995,-4.8754552,0.86142856,t17_f5_c3,0.99998724,15.593,0.0169,437120104.0,True,True,False,correction_0.0.1,0.0,,ZTF18abuzkke
ztf,59302.46724539995,1548467240415015003,2,1548467240415,19.265,1,1548,0.229353,13.5086,13.486863,13.5407,0.026126,0.025601227,0.025608132,0.0029,292.6956119,-4.875434,0.762857,t17_f5_c3,,13.5367,0.0033,,False,True,False,correction_0.0.1,0.0,,ZTF18abuzkke
ztf,59302.499884299934,1548499880415015002,1,1548499880415,19.2392,1,1548,0.237474,15.6536,15.633685,15.663,0.035769,0.03511467,0.0351189,0.0154,292.6956062,-4.8754281,0.927143,t17_f5_c3,,15.6424,0.019,,False,True,False,correction_0.0.1,0.0,,ZTF18abuzkke
ztf,59305.46150460001,1551461500415015003,2,1551461500415,19.091406,1,1551,0.3061743,13.56831,13.545356,13.623,0.024886461,0.024357775,0.02436586,0.0027,292.6956185,-4.8754552,0.6957143,t17_f5_c3,0.99973977,13.6083,0.003,437120204.0,True,True,False,correction_0.0.1,0.0,,ZTF18abuzkke
ztf,59305.48409719998,1551484090415015001,1,1551484090415,19.139505,1,1551,0.34939668,15.785358,15.7629,15.8109,0.026232248,0.02568788,0.025695221,0.0146,292.6956167,-4.8754608,0.9185714,t17_f5_c3,0.99999964,15.8018,0.0181,437120104.0,True,True,False,correction_0.0.1,0.0,,ZTF18abuzkke
ztf,59307.489143500105,1553489140415015004,1,1553489140415,19.739162,1,1553,0.2647559,15.876018,15.851625,15.8954,0.029608078,0.028942658,0.02895033,0.0119,292.6956145,-4.8754361,0.9342857,t17_f5_c3,0.99999934,15.8913,0.0146,437120104.0,True,True,False,correction_0.0.1,0.0,,ZTF18abuzkke
ztf,59309.458726900164,1555458720415015005,1,1555458720415,19.557142,1,1555,0.3237472,15.907934,15.882823,15.939,0.030927371,0.030212501,0.030220285,0.0116,292.6956099,-4.8754551,0.8914286,t17_f5_c3,0.9999999,15.9211,0.0139,437120104.0,True,True,False,correction_0.0.1,0.0,,ZTF18abuzkke
ztf,59311.49623840023,1557496230415015008,2,1557496230415,20.389597,1,1557,0.22735293,13.745193,13.718227,13.7888,0.031784184,0.030995796,0.03100453,0.0022,292.6956057,-4.8754355,0.80857146,t17_f5_c3,0.99992967,13.7801,0.0023,437120204.0,True,True,False,correction_0.0.1,0.0,,ZTF18abuzkke
ztf,59314.478437500075,1560478430415015007,2,1560478430415,20.095812,1,1560,0.2444554,13.810659,13.782041,13.8604,0.030984282,0.030168148,0.03017824,0.0024,292.6956079,-4.8754394,0.8057143,t17_f5_c3,0.99999595,13.8516,0.0026,437120204.0,True,True,False,correction_0.0.1,0.0,,ZTF18abuzkke
ztf,59314.478437500075,1560478430415025007,2,1560478430415,20.0958,1,1560,0.244455,13.8107,13.782081,13.8604,0.030984,0.03016784,0.030177934,0.0024,292.6956079,-4.8754394,0.805714,t17_f5_c3,,13.8516,0.0026,,False,True,False,correction_0.0.1,0.0,,ZTF18abuzkke
ztf,59314.49811339984,1560498110415015007,1,1560498110415,20.35997,1,1560,0.25204667,16.17019,16.138319,16.1987,0.032023687,0.031085175,0.031097287,0.0096,292.6956079,-4.8754358,0.9185714,t17_f5_c3,1.0,16.2001,0.0113,437120104.0,True,True,False,correction_0.0.1,0.0,,ZTF18abuzkke
ztf,59314.49811339984,1560498110415025007,1,1560498110415,20.36,1,1560,0.252047,16.1702,16.138329,16.1987,0.032024,0.03108547,0.031097583,0.0096,292.6956079,-4.8754358,0.918571,t17_f5_c3,,16.2001,0.0113,,False,True,False,correction_0.0.1,0.0,,ZTF18abuzkke
ztf,59317.44208330009,1563442080415015002,2,1563442080415,20.109251,1,1563,0.2802528,13.88255,13.851999,13.9309,0.0248783,0.024173701,0.024188029,0.0025,292.6956222,-4.8754456,0.7785714,t17_f5_c3,0.99996847,13.9195,0.0026,437120204.0,True,True,False,correction_0.0.1,0.0,,ZTF18abuzkke
ztf,59317.494965299964,1563494960415015008,1,1563494960415,20.305193,1,1563,0.28885555,16.274202,16.239178,16.2767,0.032507602,0.03146125,0.03147566,0.0097,292.695605,-4.8754466,0.89857143,t17_f5_c3,0.99999964,16.2742,0.0113,437120104.0,True,True,False,correction_0.0.1,0.0,,ZTF18abuzkke
ztf,59321.480833299924,1567480830415015006,2,1567480830415,20.333792,1,1567,0.22038369,13.986676,13.953097,14.0461,0.033701364,0.03266226,0.032675035,0.0026,292.6956034,-4.8754339,0.82,t17_f5_c3,0.99998623,14.0368,0.0027,437120204.0,True,True,False,correction_0.0.1,0.0,,ZTF18abuzkke
ztf,59323.477870400064,1569477870415015006,1,1569477870415,20.25252,1,1569,0.21140693,16.520071,16.476322,16.554,0.029497406,0.028307658,0.028332442,0.0134,292.6956032,-4.8754242,0.9342857,t17_f5_c3,1.0,16.5449,0.0161,437120104.0,True,True,False,correction_0.0.1,0.0,,ZTF18abuzkke
ztf,59323.482199099846,1569482190415015011,2,1569482190415,20.324034,1,1569,0.2318513,14.0543,14.018599,14.1039,0.025350526,0.0245113,0.024530502,0.0026,292.6955981,-4.8754389,0.8357143,t17_f5_c3,0.99999636,14.0957,0.0028,437120204.0,True,True,False,correction_0.0.1,0.0,,ZTF18abuzkke
ztf,59328.4157292,1574415720415015011,2,1574415720415,19.650015,1,1574,0.2539022,14.22534,14.183662,14.2721,0.030146921,0.028989622,0.029011628,0.0038,292.6956129,-4.8754409,0.83,t17_f5_c3,0.99999976,14.2644,0.0044,437120204.0,True,True,False,correction_0.0.1,0.0,,ZTF18abuzkke
ztf,59328.48197920015,1574481970415015009,1,1574481970415,20.120861,1,1574,0.19988339,16.793013,16.737076,16.7972,0.03221153,0.03055693,0.030594042,0.0184,292.6955968,-4.8754221,0.92285717,t17_f5_c3,1.0,16.7837,0.0225,437120104.0,True,True,False,correction_0.0.1,0.0,,ZTF18abuzkke
ztf,59334.40078700008,1580400780415015005,2,1580400780415,19.4797,1,1580,0.206882,14.4704,14.418419,14.5193,0.030801,0.029327586,0.029361099,0.0049,292.6956079,-4.8754278,0.831429,t17_f5_c3,,14.5122,0.0058,,False,True,False,correction_0.0.1,0.0,,ZTF18abuzkke
ztf,59334.4599768999,1580459970415015001,1,1580459970415,19.6051,1,1580,0.204401,17.0685,16.996931,17.1053,0.051572,0.04824413,0.048282076,0.0396,292.695593,-4.8754216,0.954286,t17_f5_c3,,17.1611,0.053,,False,True,False,correction_0.0.1,0.0,,ZTF18abuzkke
ztf,59336.474641200155,1582474640415015010,2,1582474640415,19.530216,1,1582,0.26457593,14.572806,14.515817,14.611,0.035937138,0.03406493,0.034099456,0.0049,292.6956074,-4.8754481,0.8242857,t17_f5_c3,0.99999964,14.5974,0.0057,437120204.0,True,True,False,correction_0.0.1,0.0,,ZTF18abuzkke
ztf,59336.474641200155,1582474640415025010,2,1582474640415,19.5302,1,1582,0.264576,14.5728,14.51581,14.611,0.035937,0.03406481,0.034099337,0.0049,292.6956074,-4.8754481,0.824286,t17_f5_c3,,14.5974,0.0057,,False,True,False,correction_0.0.1,0.0,,ZTF18abuzkke
ztf,59336.474641200155,1582474640415035010,2,1582474640415,19.5302,1,1582,0.264576,14.5728,14.51581,14.611,0.035937,0.03406481,0.034099337,0.0049,292.6956074,-4.8754481,0.824286,t17_f5_c3,,14.5974,0.0057,,False,True,False,correction_0.0.1,0.0,,ZTF18abuzkke
ztf,59339.44392360002,1585443920415015011,2,1585443920415,20.288391,1,1585,0.21047637,14.709677,14.645253,14.7396,0.029981423,0.028201269,0.02825418,0.0039,292.6956087,-4.8754293,0.8357143,t17_f5_c3,0.99999917,14.7289,0.0043,437120204.0,True,True,False,correction_0.0.1,0.0,,ZTF18abuzkke
ztf,59341.44450230012,1587444500415015011,2,1587444500415,19.817703,1,1587,0.32108715,14.779348,14.710787,14.8517,0.027179148,0.025449794,0.025515923,0.0041,292.6956149,-4.8754603,0.5971429,t17_f5_c3,0.99112517,14.8206,0.0044,437120204.0,True,True,False,correction_0.0.1,0.0,,ZTF18abuzkke
ztf,59341.47704860009,1587477040415015011,1,1587477040415,20.274078,1,1587,0.31222478,17.491629,17.387543,17.5292,0.04598381,0.041690104,0.041780207,0.0247,292.6955924,-4.8754538,0.87142855,t17_f5_c3,0.9999993,17.5197,0.03,437120104.0,True,True,False,correction_0.0.1,0.0,,ZTF18abuzkke
ztf,59344.47495369986,1590474950415015007,1,1590474950415,20.797325,1,1590,0.21871316,17.719793,17.592741,17.7738,0.04249528,0.037656978,0.037802428,0.027,292.6955937,-4.8754281,0.9442857,t17_f5_c3,1.0,17.7587,0.0324,437120104.0,True,True,False,correction_0.0.1,0.0,,ZTF18abuzkke
ztf,59349.41851849994,1595418510415015011,1,1595418510415,20.736483,1,1595,0.25579485,18.012917,17.849325,18.0784,0.051322274,0.043943856,0.044143744,0.0356,292.6956006,-4.8754396,0.94285715,t17_f5_c3,1.0,18.1018,0.0449,437120104.0,True,True,False,correction_0.0.1,0.0,,ZTF18abuzkke
ztf,59349.46009259997,1595460090415015011,2,1595460090415,20.305002,1,1595,0.18862104,15.12237,15.029399,15.1637,0.027739948,0.025344161,0.025463458,0.0049,292.6956082,-4.8754234,0.8371429,t17_f5_c3,1.0,15.1507,0.0054,437120204.0,True,True,False,correction_0.0.1,0.0,,ZTF18abuzkke
ztf,59353.39972219989,1599399720415015009,1,1599399720415,20.352016,1,1599,0.26893446,18.251299,18.051046,18.3421,0.05995301,0.049598433,0.04985515,0.0516,292.6956243,-4.8754331,0.94285715,t17_f5_c3,1.0,18.3095,0.0627,437120104.0,True,True,False,correction_0.0.1,0.0,,ZTF18abuzkke
ztf,59353.44039350003,1599440390415015011,2,1599440390415,20.055368,1,1599,0.27661723,15.24472,15.141173,15.3263,0.03908849,0.035427902,0.035532847,0.0054,292.6956092,-4.8754486,0.7228571,t17_f5_c3,0.99998975,15.3066,0.006,437120204.0,True,True,False,correction_0.0.1,0.0,,ZTF18abuzkke
ztf,59356.39936339995,1602399360415015008,2,1602399360415,20.030998,1,1602,0.21907356,15.411308,15.291506,15.4349,0.024187801,0.021432891,0.021660838,0.007,292.6956119,-4.8754295,0.9014286,t17_f5_c3,1.0,15.4266,0.0082,437120204.0,True,True,False,correction_0.0.1,0.0,,ZTF18abuzkke
ztf,59356.442187500186,1602442180415015008,1,1602442180415,20.40656,1,1602,0.250184,18.468967,18.22886,18.5247,0.06816049,0.054312214,0.05463738,0.0623,292.695596,-4.8754377,0.9357143,t17_f5_c3,0.99999976,18.475,0.0749,437120104.0,True,True,False,correction_0.0.1,0.0,,ZTF18abuzkke
ztf,59359.33365740022,1605333650415015002,1,1605333650415,18.941492,1,1605,0.051331,18.546984,18.290945,18.3938,0.144694,0.11412326,0.114297144,0.2288,292.6955976,-4.8753785,0.9114286,t17_f5_c3,0.99999815,18.251,0.2576,437120104.0,True,True,False,correction_0.0.1,0.0,,ZTF18abuzkke
ztf,59359.37905090023,1605379050415015002,2,1605379050415,19.173592,1,1605,0.15115076,15.455219,15.330745,15.5421,0.03894578,0.034574907,0.034727275,0.0129,292.6956142,-4.8754057,0.86714286,t17_f5_c3,0.99999994,15.5204,0.0158,437120204.0,True,True,False,correction_0.0.1,0.0,,ZTF18abuzkke
ztf,59362.417673599906,1608417670415015003,1,1608417670415,19.44217,1,1608,0.1859806,18.707867,18.415997,18.9597,0.15734445,0.12004694,0.12025505,0.264,292.6955966,-4.8754173,0.8042857,t17_f5_c3,0.9999998,18.9498,0.3359,437120104.0,True,True,False,correction_0.0.1,0.0,,ZTF18abuzkke
ztf,59364.37943289988,1610379430415015002,1,1610379430415,19.365633,1,1610,0.36281165,18.867476,18.535814,18.662,0.121503174,0.089171655,0.089520626,0.1883,292.6956479,-4.8754511,0.94,t17_f5_c3,0.9999999,18.4566,0.1999,437120104.0,True,True,False,correction_0.0.1,0.0,,ZTF18abuzkke
ztf,59364.43811339978,1610438110415015005,2,1610438110415,19.704079,1,1610,0.1989838,15.69179,15.539056,15.724,0.027217554,0.02331586,0.023645882,0.0121,292.695599,-4.8754293,0.88,t17_f5_c3,1.0,15.7141,0.0149,437120204.0,True,True,False,correction_0.0.1,0.0,,ZTF18abuzkke
ztf,59366.45045140013,1612450450415015005,1,1612450450415,20.093513,1,1612,0.22880818,18.860289,18.530514,18.8237,0.08883454,0.06509239,0.06556502,0.1207,292.6955943,-4.8754303,0.9514286,t17_f5_c3,1.0,18.7733,0.1469,437120104.0,True,True,False,correction_0.0.1,0.0,,ZTF18abuzkke
ztf,59368.413657399826,1614413650415015009,2,1614413650415,20.577557,1,1614,0.19136308,15.817285,15.647232,15.8921,0.032684278,0.027605364,0.027945876,0.0078,292.695601,-4.8754268,0.8857143,t17_f5_c3,1.0,15.8885,0.009,437120204.0,True,True,False,correction_0.0.1,0.0,,ZTF18abuzkke
ztf,59368.44221059978,1614442210415015006,1,1614442210415,20.461432,1,1614,0.16429347,19.055243,18.670923,19.3239,0.09136574,0.06350253,0.064129174,0.1353,292.6956103,-4.8754085,0.92714286,t17_f5_c3,1.0,19.4566,0.1938,437120104.0,True,True,False,correction_0.0.1,0.0,,ZTF18abuzkke
ztf,59370.39697920019,1616396970415015003,1,1616396970415,20.52044,1,1616,0.26673755,19.100195,18.70228,19.4077,0.10570693,0.07269133,0.073271856,0.1293,292.6955932,-4.8754414,0.9071429,t17_f5_c3,1.0,19.3312,0.1525,437120104.0,True,True,False,correction_0.0.1,0.0,,ZTF18abuzkke
ztf,59370.44108799985,1616441080415015011,2,1616441080415,20.585596,1,1616,0.1735086,15.891912,15.710717,15.9659,0.038834155,0.03254007,0.032865163,0.0082,292.6955928,-4.8754221,0.8842857,t17_f5_c3,0.99999905,15.9562,0.0093,437120204.0,True,True,False,correction_0.0.1,0.0,,ZTF18abuzkke
ztf,59373.386504599825,1619386500415015010,2,1619386500415,20.447294,1,1619,0.23055342,16.002243,15.803343,16.0589,0.031145034,0.025440676,0.025931573,0.0088,292.6956071,-4.8754363,0.8971428,t17_f5_c3,1.0,16.059,0.0102,437120204.0,True,True,False,correction_0.0.1,0.0,,ZTF18abuzkke
ztf,59375.398541700095,1621398540415015012,2,1621398540415,20.253893,1,1621,0.21192315,16.070831,15.860144,16.1406,0.03554637,0.02879441,0.02927658,0.0102,292.6956029,-4.8754324,0.88714284,t17_f5_c3,1.0,16.1277,0.012,437120204.0,True,True,False,correction_0.0.1,0.0,,ZTF18abuzkke
ztf,59375.41952549992,1621419520415015009,1,1621419520415,20.3503,1,1621,0.32158732,19.44773,18.930891,19.7205,0.10598601,0.06485568,0.06584351,0.1879,292.695561,-4.8754527,0.88,t17_f5_c3,1.0,19.8596,0.2714,437120104.0,True,True,False,correction_0.0.1,0.0,,ZTF18abuzkke
ztf,59377.398912000004,1623398910415015011,2,1623398910415,20.725542,1,1623,0.2227033,16.149818,15.924775,16.1914,0.03520695,0.028059643,0.028616143,0.0092,292.6956089,-4.8754329,0.8585714,t17_f5_c3,0.9999945,16.1789,0.0105,437120204.0,True,True,False,correction_0.0.1,0.0,,ZTF18abuzkke
ztf,59379.377141200006,1625377140415015005,2,1625377140415,20.688745,1,1625,0.1520552,16.19795,15.963733,16.28,0.053499985,0.042724047,0.043118797,0.01,292.695592,-4.8754173,0.75285715,t17_f5_c3,0.9999981,16.2784,0.0116,437120204.0,True,True,False,correction_0.0.1,0.0,,ZTF18abuzkke
ztf,59381.39462959999,1627394620415015006,2,1627394620415,19.58421,1,1627,0.2272846,16.306705,16.050516,16.3469,0.042781856,0.03319608,0.033789653,0.0198,292.6955963,-4.8754367,0.91,t17_f5_c3,1.0,16.3191,0.0239,437120204.0,True,True,False,correction_0.0.1,0.0,,ZTF18abuzkke
ztf,59384.35600689985,1630356000415015068,2,1630356000415,18.595703,1,1630,0.25945637,16.260677,16.014002,16.3681,0.03430867,0.026647279,0.027335908,0.0391,292.6956011,-4.8754483,0.6842857,t17_f5_c3,0.99991834,16.3233,0.0474,437120204.0,True,True,False,correction_0.0.1,0.0,,ZTF18abuzkke
ztf,59390.37344910018,1636373440415015001,2,1636373440415,19.445648,1,1636,0.1903539,16.60411,16.278292,16.6149,0.03896518,0.027795913,0.028863503,0.0337,292.695589,-4.8754278,0.8842857,t17_f5_c3,1.0,16.5842,0.0417,437120204.0,True,True,False,correction_0.0.1,0.0,,ZTF18abuzkke
ztf,59392.357557899784,1638357550415015004,2,1638357550415,19.341309,1,1638,0.18147801,16.658585,16.318378,16.7711,0.044361357,0.031407982,0.032428168,0.0356,292.6955963,-4.8754249,0.9342857,t17_f5_c3,1.0,16.7717,0.0452,437120204.0,True,True,False,correction_0.0.1,0.0,,ZTF18abuzkke
ztf,59396.338159699924,1642338150415015013,2,1642338150415,20.56599,1,1642,0.22977866,16.762007,16.392998,16.8199,0.048663985,0.033546284,0.03464208,0.0168,292.6956011,-4.8754377,0.85571426,t17_f5_c3,0.99999857,16.8235,0.0202,437120204.0,True,True,False,correction_0.0.1,0.0,,ZTF18abuzkke
ztf,59401.33803239977,1647338030415015011,2,1647338030415,20.422523,1,1647,0.18080617,16.894539,16.485655,16.9474,0.053387053,0.035403542,0.036633838,0.0186,292.6955999,-4.8754202,0.91571426,t17_f5_c3,1.0,16.9445,0.0225,437120204.0,True,True,False,correction_0.0.1,0.0,,ZTF18abuzkke
ztf,59403.33543979982,1649335430415015005,2,1649335430415,20.388765,1,1649,0.14963551,16.917007,16.501022,17.0154,0.06107112,0.04052368,0.04163341,0.021,292.6955948,-4.8754161,0.8957143,t17_f5_c3,0.9999996,17.0094,0.0255,437120204.0,True,True,False,correction_0.0.1,0.0,,ZTF18abuzkke
ztf,59410.37847220013,1656378470415015016,2,1656378470415,20.148268,1,1656,0.17739807,17.137611,16.646435,17.1712,0.050736908,0.030371677,0.032274067,0.0287,292.6955913,-4.8754244,0.93,t17_f5_c3,1.0,17.1698,0.0355,437120204.0,True,True,False,correction_0.0.1,0.0,,ZTF18abuzkke
ztf,59412.380312500056,1658380310415015010,2,1658380310415,20.441372,1,1658,0.17507234,17.270658,16.72916,17.2514,0.0628719,0.03631891,0.0381819,0.0259,292.6955943,-4.8754236,0.9028571,t17_f5_c3,1.0,17.2466,0.0316,437120204.0,True,True,False,correction_0.0.1,0.0,,ZTF18abuzkke
ztf,59415.363541699946,1661363540415015005,2,1661363540415,19.935379,1,1661,0.208681,17.291431,16.741728,17.3129,0.051971126,0.02896835,0.031324275,0.0403,292.6955858,-4.875434,0.93,t17_f5_c3,1.0,17.3763,0.0537,437120204.0,True,True,False,correction_0.0.1,0.0,,ZTF18abuzkke
ztf,59415.363541699946,1661363540415065005,2,1661363540415,19.9354,1,1661,0.208681,17.2914,16.74171,17.3129,0.051971,0.02896873,0.03132455,0.0403,292.6955858,-4.875434,0.93,t17_f5_c3,,17.3763,0.0537,,False,True,False,correction_1.0.6,0.0,1.674338900415015e+18,ZTF18abuzkke
ztf,59415.363541699946,1661363540415075005,2,1661363540415,19.9354,1,1661,0.208681,17.2914,16.74171,17.3129,0.051971,0.02896873,0.03132455,0.0403,292.6955858,-4.875434,0.93,t17_f5_c3,,17.3763,0.0537,,False,True,False,correction_1.0.6,0.0,1.676233900415015e+18,ZTF18abuzkke
ztf,59418.25405090023,1664254050415015028,2,1664254050415,17.803988,1,1664,0.17053011,17.30761,16.751451,17.2826,0.09612966,0.05632683,0.05759621,0.2836,292.6955733,-4.875422,0.70285714,t17_f5_c3,0.9996331,17.4899,0.4409,437120204.0,True,True,False,correction_1.0.6,0.0,,ZTF18abuzkke
ztf,59422.36141199991,1668361410415015007,2,1668361410415,20.014515,1,1668,0.15602092,17.388494,16.799187,17.4115,0.05247291,0.027784336,0.030493816,0.0417,292.695589,-4.8754182,0.8414286,t17_f5_c3,1.0,17.4481,0.0543,437120204.0,True,True,False,correction_1.0.6,0.0,,ZTF18abuzkke
ztf,59428.33890049998,1674338900415015007,2,1674338900415,20.373608,1,1674,0.19522978,17.453087,16.836254,17.5287,0.049658384,0.024951184,0.028135806,0.033,292.6955805,-4.8754309,0.92714286,t17_f5_c3,1.0,17.5265,0.0407,437120204.0,True,True,False,correction_1.0.6,0.0,,ZTF18abuzkke
ztf,59430.233900499996,1676233900415015007,2,1676233900415,20.38577,1,1676,0.14512315,17.385635,16.797523,17.5135,0.05666721,0.030486733,0.032967582,0.0311,292.6956047,-4.8754107,0.9442857,t17_f5_c3,1.0,17.5414,0.0392,437120204.0,True,True,False,correction_1.0.6,0.0,,ZTF18abuzkke
ztf,59435.268680599984,1681268680415015004,2,1681268680415,20.662394,1,1681,0.14105743,17.424557,16.819998,17.5231,0.058322668,0.030868405,0.033420544,0.0277,292.6956007,-4.8754115,0.89857143,t17_f5_c3,0.9999998,17.5399,0.0341,437120204.0,True,True,False,correction_1.0.6,0.0,,ZTF18abuzkke
ztf,59438.233657400124,1684233650415015011,2,1684233650415,20.310858,1,1684,0.24459992,17.420052,16.817413,17.5008,0.05505454,0.028904982,0.03160369,0.0346,292.6956024,-4.8754436,0.9342857,t17_f5_c3,1.0,17.5116,0.0431,437120204.0,True,True,False,correction_1.0.6,0.0,,ZTF18abuzkke
ztf,59442.235960599966,1688235960415015008,2,1688235960415,20.059162,1,1688,0.19389746,17.306849,16.750996,17.384,0.066406004,0.037939742,0.03979842,0.0376,292.6956025,-4.8754248,0.8914286,t17_f5_c3,1.0,17.3725,0.0466,437120204.0,True,True,False,correction_1.0.6,0.0,,ZTF18abuzkke
ztf,59447.232847199775,1693232840415015002,2,1693232840415,18.876442,1,1693,0.15327437,17.198816,16.684967,17.282,0.057890702,0.034243844,0.036063608,0.0934,292.6955797,-4.8754173,0.93,t17_f5_c3,1.0,17.3254,0.1246,437120204.0,True,True,False,correction_1.0.6,0.0,,ZTF18abuzkke
ztf,59450.29479169985,1696294790415015003,2,1696294790415,18.884436,1,1696,0.25889218,17.069443,16.602581,16.9925,0.05826785,0.036424987,0.037903924,0.0747,292.6955696,-4.8754466,0.9142857,t17_f5_c3,0.99999994,16.952,0.0921,437120204.0,True,True,False,correction_1.0.6,0.0,,ZTF18abuzkke
ztf,59452.23172450019,1698231720415015004,2,1698231720415,20.43088,1,1698,0.22139522,17.019562,16.569874,17.1011,0.06092586,0.03895843,0.040264867,0.023,292.6955988,-4.8754356,0.79,t17_f5_c3,0.9999993,17.1054,0.0284,437120204.0,True,True,False,correction_1.0.6,0.0,,ZTF18abuzkke
ztf,59454.25225690007,1700252250415015008,2,1700252250415,20.340172,1,1700,0.17190847,16.935207,16.513397,17.0487,0.049735654,0.032311883,0.03372435,0.0227,292.6955909,-4.8754232,0.91,t17_f5_c3,0.9999988,17.0478,0.0278,437120204.0,True,True,False,correction_1.0.6,0.0,,ZTF18abuzkke
ztf,59460.210416700225,1706210410415015018,2,1706210410415,20.514408,1,1706,0.17414427,16.668167,16.325375,16.7095,0.052562196,0.037461184,0.03833158,0.0149,292.6955933,-4.8754229,0.8842857,t17_f5_c3,0.9999994,16.6835,0.0174,437120204.0,True,True,False,correction_1.0.6,0.0,,ZTF18abuzkke
ztf,59462.23197920015,1708231970415015010,2,1708231970415,20.21809,1,1708,0.21657358,16.557459,16.243544,16.6102,0.0409769,0.029749505,0.030688295,0.0158,292.6955735,-4.8754353,0.91,t17_f5_c3,1.0,16.6018,0.0191,437120204.0,True,True,False,correction_1.0.6,0.0,,ZTF18abuzkke
ztf,59464.27376159979,1710273760415015009,2,1710273760415,20.502954,1,1710,0.17352766,16.416924,16.13662,16.4656,0.051493563,0.03918689,0.03977697,0.013,292.6955943,-4.875423,0.81,t17_f5_c3,0.99999785,16.4747,0.0157,437120204.0,True,True,False,correction_1.0.6,0.0,,ZTF18abuzkke
ztf,59464.27376159979,1710273760415025009,2,1710273760415,20.503,1,1710,0.173528,16.4169,16.136602,16.4656,0.051494,0.039187446,0.0397775,0.013,292.6955943,-4.875423,0.81,t17_f5_c3,,16.4747,0.0157,,False,True,False,correction_1.0.6,0.0,1.714170210415015e+18,ZTF18abuzkke
ztf,59466.1867244998,1712186720415015011,2,1712186720415,20.55613,1,1712,0.16219199,16.310366,16.053406,16.3817,0.055645853,0.043461166,0.04391863,0.0116,292.6955909,-4.8754202,0.80285716,t17_f5_c3,1.0,16.38,0.0136,437120204.0,True,True,False,correction_1.0.6,0.0,,ZTF18abuzkke
ztf,59468.17021990009,1714170210415015007,1,1714170210415,20.698046,1,1714,0.2769137,19.902767,19.19053,20.3404,0.16814983,0.086055495,0.0872573,0.2952,292.6956061,-4.8754423,0.75857145,t17_f5_c3,0.9999993,20.3155,0.3664,437120104.0,True,True,False,correction_1.0.6,0.0,,ZTF18abuzkke
ztf,59468.24859949993,1714248590415015013,2,1714248590415,20.645922,1,1714,0.15834396,16.248615,16.00438,16.284,0.0508154,0.040126465,0.04057899,0.0105,292.6955809,-4.8754208,0.7385714,t17_f5_c3,0.9999958,16.2837,0.0123,437120204.0,True,True,False,correction_1.0.6,0.0,,ZTF18abuzkke
ztf,59470.171770799905,1716171770415015018,2,1716171770415,20.616896,1,1716,0.20441377,16.13085,15.909332,16.1671,0.03844322,0.030855386,0.03134821,0.0096,292.695602,-4.87543,0.75,t17_f5_c3,0.999978,16.1616,0.0112,437120204.0,True,True,False,correction_1.0.6,0.0,,ZTF18abuzkke
ztf,59470.227592600044,1716227590415015007,1,1716227590415,20.555151,1,1716,0.4039522,19.499996,18.963064,19.4058,0.1466694,0.08867809,0.08944717,0.1436,292.6955083,-4.8754439,0.88714284,t17_f5_c3,0.9999994,19.4461,0.1892,437120104.0,True,True,False,correction_1.0.6,0.0,,ZTF18abuzkke
ztf,59473.25668979995,1719256680415015004,2,1719256680415,19.772886,1,1719,0.21656965,15.941566,15.75259,15.982,0.0436514,0.036363717,0.03667816,0.0145,292.6955722,-4.875435,0.84,t17_f5_c3,0.9999999,15.9941,0.0182,437120204.0,True,True,False,correction_1.0.6,0.0,,ZTF18abuzkke
ztf,59473.291909699794,1719291900415015004,1,1719291900415,19.1185,1,1719,0.392754,19.4173,18.911886,19.8489,0.223588,0.13992807,0.14037283,0.6504,292.6956909,-4.87532,0.841429,t17_f5_c3,,19.7173,0.7397,,False,True,False,correction_1.0.6,0.0,1.723214640415015e+18,ZTF18abuzkke
ztf,59475.232580999844,1721232580415015002,1,1721232580415,18.8591,1,1721,0.264369,19.1642,18.74624,19.437,0.236485,0.16063793,0.16092367,0.5752,292.6955761,-4.8754418,0.795714,t17_f5_c3,,19.524,0.8007,,False,True,False,correction_1.0.6,0.0,1.723214640415015e+18,ZTF18abuzkke
ztf,59477.21464119991,1723214640415015005,2,1723214640415,19.523096,1,1723,0.18734433,15.810698,15.641597,15.8449,0.03306274,0.027961506,0.028294284,0.0137,292.6955945,-4.8754271,0.9142857,t17_f5_c3,1.0,15.8261,0.0168,437120204.0,True,True,False,correction_1.0.6,0.0,,ZTF18abuzkke
ztf,59479.24392359983,1725243920415015006,2,1725243920415,19.678265,1,1725,0.24674614,15.70563,15.55107,15.7541,0.0355153,0.030544598,0.030802883,0.0128,292.6955714,-4.8754435,0.88714284,t17_f5_c3,0.9999981,15.7442,0.0157,437120204.0,True,True,False,correction_1.0.6,0.0,,ZTF18abuzkke
ztf,59484.21098379977,1730210980415015010,2,1730210980415,20.71838,1,1730,0.21524759,15.491169,15.362742,15.509,0.032777812,0.028928267,0.029121215,0.0058,292.6955828,-4.8754368,0.8414286,t17_f5_c3,0.9998608,15.5021,0.0064,437120204.0,True,True,False,correction_1.0.6,0.0,,ZTF18abuzkke
ztf,59486.17266200017,1732172660415015007,2,1732172660415,20.258589,1,1732,0.22544773,15.379798,15.263245,15.4452,0.0426932,0.038225755,0.03834753,0.006,292.6956012,-4.8754365,0.8471429,t17_f5_c3,0.99999976,15.4349,0.0068,437120204.0,True,True,False,correction_1.0.6,0.0,,ZTF18abuzkke
ztf,59488.17013890017,1734170130415015013,2,1734170130415,20.306818,1,1734,0.17621765,15.316165,15.205921,15.3726,0.032280076,0.02901911,0.029163318,0.006,292.6956028,-4.8754193,0.8857143,t17_f5_c3,0.9999967,15.3633,0.0069,437120204.0,True,True,False,correction_1.0.6,0.0,,ZTF18abuzkke
ztf,59488.218229200225,1734218220415015004,1,1734218220415,19.992327,1,1734,0.32894313,18.177404,17.98925,18.1848,0.057117384,0.047791597,0.04802938,0.0646,292.6955937,-4.8754551,0.95,t17_f5_c3,1.0,18.1133,0.0768,437120104.0,True,True,False,correction_1.0.6,0.0,,ZTF18abuzkke
ztf,59494.16532409983,1740165320415015023,1,1740165320415,18.772142,1,1740,0.23109262,17.868824,17.724272,17.7713,0.1179837,0.10320874,0.103276476,0.1495,292.6955922,-4.8754323,0.87142855,t17_f5_c3,0.99999964,17.6664,0.1737,437120104.0,True,True,False,correction_1.0.6,0.0,,ZTF18abuzkke
ztf,59498.128067099955,1744128060415015004,1,1744128060415,20.453875,1,1744,0.23781295,17.825506,17.68626,17.8278,0.053862702,0.047241654,0.04737946,0.0374,292.6955832,-4.8754331,0.95,t17_f5_c3,0.9999999,17.7817,0.045,437120104.0,True,True,False,correction_1.0.6,0.0,,ZTF18abuzkke
ztf,59498.148287000135,1744148280415015004,2,1744148280415,20.0008,1,1744,0.22229302,15.13045,15.036815,15.163,0.031664837,0.028942484,0.029048443,0.0057,292.6955985,-4.8754366,0.8685714,t17_f5_c3,0.99999666,15.1554,0.0066,437120204.0,True,True,False,correction_1.0.6,0.0,,ZTF18abuzkke
ztf,59502.14542819979,1748145420415015008,1,1748145420415,19.394207,1,1748,0.21300602,17.564243,17.453314,17.6161,0.045819025,0.041266173,0.041368913,0.061,292.6955825,-4.8754276,0.94857144,t17_f5_c3,1.0,17.6005,0.0768,437120104.0,True,True,False,correction_1.0.6,0.0,,ZTF18abuzkke
ztf,59502.200636600144,1748200630415015004,2,1748200630415,19.206818,1,1748,0.24759226,14.962284,14.8815975,15.0037,0.023930592,0.02211252,0.022216665,0.0074,292.6955786,-4.8754453,0.8242857,t17_f5_c3,1.0,14.9929,0.009,437120204.0,True,True,False,correction_1.0.6,0.0,,ZTF18abuzkke
ztf,59504.12736110017,1750127360415015003,2,1750127360415,19.85057,1,1750,0.17433634,14.863806,14.789883,14.9281,0.044435818,0.041464094,0.04151108,0.0056,292.6955898,-4.8754236,0.8257143,t17_f5_c3,0.9999999,14.9242,0.0066,437120204.0,True,True,False,correction_1.0.6,0.0,,ZTF18abuzkke
ztf,59504.17076390004,1750170760415015003,1,1750170760415,19.67646,1,1750,0.23429145,17.50245,17.397371,17.5995,0.05900932,0.053494405,0.053565938,0.0614,292.6955824,-4.8754304,0.95285714,t17_f5_c3,1.0,17.5689,0.0762,437120104.0,True,True,False,correction_1.0.6,0.0,,ZTF18abuzkke
ztf,59510.16467589978,1756164670415015029,2,1756164670415,16.874529,1,1756,0.27132684,14.579267,14.521945,14.7175,0.030419897,0.028814267,0.02885554,0.0513,292.6955758,-4.8754526,0.7557143,t17_f5_c3,0.99997973,14.7401,0.067,437120204.0,True,True,False,correction_1.0.6,0.0,,ZTF18abuzkke
ztf,59510.19298609998,1756192980415015004,1,1756192980415,19.037449,1,1756,0.23042004,16.953754,16.889153,17.0098,0.051594853,0.048583608,0.048614502,0.0539,292.6955771,-4.8754296,0.93285716,t17_f5_c3,0.9999995,16.9961,0.0679,437120104.0,True,True,False,correction_1.0.6,0.0,,ZTF18abuzkke
ztf,59512.11260419991,1758112600415015011,2,1758112600415,20.5266,1,1758,0.199981,14.4744,14.422231,14.5083,0.039085,0.037224814,0.03725141,0.0032,292.6955905,-4.8754304,0.784286,t17_f5_c3,,14.5018,0.0035,,False,True,False,correction_1.0.6,0.0,1.767113280415015e+18,ZTF18abuzkke
ztf,59512.207048600074,1758207040415015007,1,1758207040415,19.2871,1,1758,0.26829,16.7374,16.684189,16.7888,0.037529,0.035705272,0.03573409,0.0354,292.6955748,-4.8754401,0.938571,t17_f5_c3,,16.7588,0.0437,,False,True,False,correction_1.0.6,0.0,1.767113280415015e+18,ZTF18abuzkke
ztf,59521.113286999986,1767113280415015006,1,1767113280415,20.451435,1,1767,0.20802441,15.778453,15.756136,15.8045,0.03504285,0.034324482,0.034329906,0.0073,292.695584,-4.8754247,0.9085714,t17_f5_c3,0.9999951,15.7987,0.0085,437120104.0,True,True,False,correction_1.0.6,0.0,,ZTF18abuzkke
ztf,59521.13325229986,1767133250415015012,2,1767133250415,20.23829,1,1767,0.22543046,13.767903,13.7403755,13.7951,0.023977224,0.023364881,0.02337695,0.0022,292.6955859,-4.8754401,0.81857145,t17_f5_c3,0.999995,13.7874,0.0024,437120204.0,True,True,False,correction_1.0.6,0.0,,ZTF18abuzkke
ztf,59523.087580999825,1769087580415015006,2,1769087580415,20.544752,1,1769,0.19201504,13.608891,13.5850725,13.6352,0.040777896,0.039887767,0.039893076,0.002,292.6955882,-4.8754295,0.7,t17_f5_c3,0.9997357,13.6302,0.0021,437120204.0,True,True,False,correction_1.0.6,0.0,,ZTF18abuzkke
ztf,59523.164537000004,1769164530415015002,1,1769164530415,19.976885,1,1769,0.22895294,15.53191,15.51409,15.5437,0.026307696,0.025874818,0.025879426,0.0075,292.6955812,-4.8754299,0.9185714,t17_f5_c3,0.9999995,15.5362,0.0088,437120104.0,True,True,False,correction_1.0.6,0.0,,ZTF18abuzkke
ztf,59525.10932870023,1771109320415015005,1,1771109320415,20.646576,1,1771,0.2139559,15.386698,15.371092,15.4086,0.032760285,0.032289945,0.032292783,0.0052,292.6955811,-4.8754265,0.8542857,t17_f5_c3,0.9976295,15.4049,0.0058,437120104.0,True,True,False,correction_1.0.6,0.0,,ZTF18abuzkke
ztf,59525.1537269,1771153720415015005,2,1771153720415,20.235455,1,1771,0.19628043,13.459644,13.438856,13.4815,0.032914508,0.032285288,0.0322903,0.0019,292.6955835,-4.8754323,0.7757143,t17_f5_c3,0.99980474,13.4764,0.002,437120204.0,True,True,False,correction_1.0.6,0.0,,ZTF18abuzkke
ztf,59527.10849539982,1773108490415015008,2,1773108490415,20.217869,1,1773,0.20301856,13.314889,13.296674,13.335,0.022575866,0.022194665,0.022200277,0.0018,292.6955933,-4.8754307,0.75,t17_f5_c3,0.9999735,13.3296,0.0019,437120204.0,True,True,False,correction_1.0.6,0.0,,ZTF18abuzkke
ztf,59527.1435647998,1773143560415015006,1,1773143560415,19.921698,1,1773,0.26392043,15.157835,15.145178,15.1939,0.029898146,0.029549591,0.029551636,0.0062,292.695587,-4.8754403,0.9114286,t17_f5_c3,0.99998724,15.1863,0.0073,437120104.0,True,True,False,correction_1.0.6,0.0,,ZTF18abuzkke
ztf,59529.16664349986,1775166640415015006,2,1775166640415,19.172693,1,1775,0.26014757,13.149556,13.133896,13.1861,0.018068094,0.017804166,0.01780935,0.002,292.6955861,-4.8754485,0.67714286,t17_f5_c3,0.9945918,13.1728,0.0022,437120204.0,True,True,False,correction_1.0.6,0.0,,ZTF18abuzkke
ztf,59531.10699070012,1777106990415015003,2,1777106990415,19.434372,1,1777,0.3118989,13.068209,13.053671,13.0846,0.023076301,0.022765879,0.022769375,0.0017,292.6956026,-4.8754611,0.68714285,t17_f5_c3,0.9991915,13.0713,0.0018,437120204.0,True,True,False,correction_1.0.6,0.0,,ZTF18abuzkke
ztf,59537.11325229984,1783113250415015002,1,1783113250415,18.019516,1,1783,0.23542318,14.668856,14.660771,14.6693,0.022597212,0.022428473,0.022429578,0.0181,292.6955831,-4.8754297,0.8357143,t17_f5_c3,0.9999976,14.672,0.023,437120104.0,True,True,False,correction_1.0.6,0.0,,ZTF18abuzkke
ztf,59624.558576399926,1870558570415015002,2,1870558570415,18.91627,1,1870,0.34160262,15.66145,15.51265,15.7151,0.039755642,0.034450393,0.03466399,0.0169,292.6956432,-4.8754517,0.7985714,t17_f5_c3,1.0,15.7087,0.0212,437120204.0,True,True,False,correction_1.0.6,0.0,,ZTF18abuzkke
ztf,59624.56098379986,1870560980415015001,2,1870560980415,19.004904,1,1870,0.2945297,15.681529,15.530136,15.7141,0.03514943,0.030324273,0.03057462,0.0176,292.695632,-4.8754433,0.87,t17_f5_c3,1.0,15.7045,0.022,437120204.0,True,True,False,correction_1.0.6,0.0,,ZTF18abuzkke
ztf,59624.56340279989,1870563400415015004,2,1870563400415,18.8713,1,1870,0.320896,15.6643,15.515134,15.7235,0.03501,0.030271897,0.030515866,0.0203,292.695623,-4.8754603,0.862857,t17_f5_c3,,15.7111,0.0255,,False,True,False,correction_1.0.6,0.0,1.870565830415015e+18,ZTF18abuzkke
ztf,59624.56583329989,1870565830415015001,2,1870565830415,18.610641,1,1870,0.2949675,15.659028,15.510537,15.7236,0.031657565,0.027343351,0.027610943,0.0251,292.6956186,-4.875451,0.87,t17_f5_c3,1.0,15.6817,0.0308,437120204.0,True,True,False,correction_1.0.6,0.0,,ZTF18abuzkke
ztf,59625.558379599825,1871558370415015003,2,1871558370415,18.2093,1,1871,0.366894,15.7671,15.60418,15.8582,0.044638,0.038190097,0.03841819,0.0223,292.6956522,-4.8754535,0.39,t17_f5_c3,,15.7695,0.0261,,False,True,False,correction_1.0.6,0.0,1.871560850415015e+18,ZTF18abuzkke
ztf,59625.560856500175,1871560850415015001,2,1871560850415,18.248962,1,1871,0.34835553,15.7001,15.546272,15.774,0.03478751,0.029930785,0.030192016,0.0224,292.6956409,-4.8754566,0.46142858,t17_f5_c3,0.9998746,15.7035,0.0267,437120204.0,True,True,False,correction_1.0.6,0.0,,ZTF18abuzkke
ztf,59625.56332179997,1871563320415015001,2,1871563320415,18.022194,1,1871,0.393865,15.7436,15.583924,15.8995,0.036879953,0.031570636,0.031836122,0.0278,292.6956276,-4.875478,0.4157143,t17_f5_c3,0.99240386,15.8279,0.0332,437120204.0,True,True,False,correction_1.0.6,0.0,,ZTF18abuzkke
ztf,59625.565798600204,1871565790415015006,2,1871565790415,18.015656,1,1871,0.34980515,15.739614,15.5804825,15.8508,0.047109965,0.040481355,0.040687438,0.0316,292.6956219,-4.8754651,0.51285714,t17_f5_c3,0.9999783,15.7812,0.0379,437120204.0,True,True,False,correction_1.0.6,0.0,,ZTF18abuzkke
ztf,59627.55364579987,1873553640415015005,2,1873553640415,18.058226,1,1873,0.40199077,15.843348,15.669477,15.9581,0.04300619,0.0363724,0.03664231,0.0238,292.695617,-4.8754837,0.3942857,t17_f5_c3,0.99423516,15.8865,0.0283,437120204.0,True,True,False,correction_1.0.6,0.0,,ZTF18abuzkke
ztf,59627.55611110013,1873556110415015003,2,1873556110415,18.093052,1,1873,0.57185024,15.751774,15.590977,15.9145,0.044417407,0.038079876,0.038303144,0.0228,292.6956865,-4.8755001,0.39857143,t17_f5_c3,0.9224817,15.8274,0.0268,437120204.0,True,True,False,correction_1.0.6,0.0,,ZTF18abuzkke
ztf,59627.558588000014,1873558580415015001,2,1873558580415,18.0594,1,1873,0.441357,15.804,15.635863,15.9431,0.03989,0.033895027,0.03416719,0.024,292.6956323,-4.87549,0.414286,t17_f5_c3,,15.8949,0.0292,,False,True,False,correction_1.0.6,0.0,1.873561050415015e+18,ZTF18abuzkke
ztf,59627.56105320016,1873561050415015001,2,1873561050415,18.084583,1,1873,0.4788656,15.83893,15.665712,15.9356,0.03476964,0.029310402,0.029642379,0.0261,292.6956747,-4.8754758,0.42714286,t17_f5_c3,0.9953103,15.8914,0.0319,437120204.0,True,True,False,correction_1.0.6,0.0,,ZTF18abuzkke
ztf,59627.563530100044,1873563530415015002,2,1873563530415,17.815216,1,1873,0.45215946,15.832209,15.65998,15.906,0.046928093,0.039801814,0.040044345,0.0292,292.6955936,-4.8755022,0.41142857,t17_f5_c3,0.99348855,15.8251,0.0347,437120204.0,True,True,False,correction_1.0.6,0.0,,ZTF18abuzkke
ztf,59628.55314810015,1874553140415015005,2,1874553140415,18.989428,1,1874,0.35095125,15.870037,15.692176,15.9116,0.030143354,0.02518391,0.02558863,0.0206,292.6956276,-4.8754643,0.89857143,t17_f5_c3,1.0,15.9122,0.026,437120204.0,True,True,False,correction_1.0.6,0.0,,ZTF18abuzkke
ztf,59628.55562500004,1874555620415015005,2,1874555620415,18.8989,1,1874,0.347288,15.891,15.709945,15.8799,0.038369,0.03214714,0.0324757,0.0208,292.6956465,-4.875451,0.835714,t17_f5_c3,,15.8831,0.0264,,False,True,False,correction_1.0.6,0.0,1.874558090415015e+18,ZTF18abuzkke
ztf,59628.55809029983,1874558090415015003,2,1874558090415,18.883516,1,1874,0.39172995,15.838056,15.664967,15.9048,0.034352504,0.028954683,0.029290235,0.0225,292.6956427,-4.8754685,0.8914286,t17_f5_c3,1.0,15.8978,0.0284,437120204.0,True,True,False,correction_1.0.6,0.0,,ZTF18abuzkke
ztf,59628.560555600096,1874560550415015003,2,1874560550415,18.60253,1,1874,0.42983222,15.855908,15.68017,15.8952,0.029203739,0.024431586,0.024839519,0.0253,292.6956757,-4.8754551,0.81285715,t17_f5_c3,0.9999998,15.863,0.0312,437120204.0,True,True,False,correction_1.0.6,0.0,,ZTF18abuzkke
ztf,59628.56303239986,1874563030415015003,2,1874563030415,18.442427,1,1874,0.28458986,15.852605,15.67736,15.9432,0.037259173,0.031388626,0.03170554,0.0315,292.6956118,-4.8754507,0.8,t17_f5_c3,1.0,15.9346,0.0399,437120204.0,True,True,False,correction_1.0.6,0.0,,ZTF18abuzkke
ztf,59629.55500000017,1875555000415015001,2,1875555000415,19.1022,1,1875,0.308703,15.8742,15.695708,15.9288,0.031324,0.026183426,0.026575452,0.0197,292.6956188,-4.8754552,0.9,t17_f5_c3,,15.9305,0.0249,,False,True,False,correction_1.0.6,0.0,1.875557460415015e+18,ZTF18abuzkke
ztf,59629.557465299964,1875557460415015003,2,1875557460415,18.99373,1,1875,0.34857404,15.904707,15.721536,15.9551,0.035734333,0.029825361,0.030186798,0.0217,292.6956378,-4.8754577,0.87142855,t17_f5_c3,1.0,15.9374,0.027,437120204.0,True,True,False,correction_1.0.6,0.0,,ZTF18abuzkke
ztf,59629.5599421002,1875559940415015001,2,1875559940415,18.86397,1,1875,0.24819435,15.845248,15.671097,15.9318,0.044064656,0.03727018,0.037534416,0.0242,292.6956117,-4.8754396,0.9,t17_f5_c3,1.0,15.933,0.0308,437120204.0,True,True,False,correction_1.0.6,0.0,,ZTF18abuzkke
ztf,59629.56241900008,1875562410415015001,2,1875562410415,18.734318,1,1875,0.24672085,15.871064,15.693048,15.9696,0.042057164,0.035407677,0.035697132,0.0303,292.6956113,-4.8754393,0.9057143,t17_f5_c3,1.0,15.9606,0.0383,437120204.0,True,True,False,correction_1.0.6,0.0,,ZTF18abuzkke
ztf,59630.55298609985,1876552980415015002,2,1876552980415,19.404701,1,1876,0.18157083,15.936603,15.748418,15.9943,0.037312634,0.031009525,0.031374868,0.0173,292.6955958,-4.8754251,0.9185714,t17_f5_c3,1.0,16.0206,0.0222,437120204.0,True,True,False,correction_1.0.6,0.0,,ZTF18abuzkke
ztf,59630.5554630002,1876555460415015002,2,1876555460415,19.32009,1,1876,0.3354098,15.942162,15.75309,15.9758,0.03506965,0.02907203,0.029464751,0.0178,292.695633,-4.8754563,0.91,t17_f5_c3,1.0,15.9637,0.0221,437120204.0,True,True,False,correction_1.0.6,0.0,,ZTF18abuzkke
ztf,59630.55792819988,1876557920415015002,2,1876557920415,19.3426,1,1876,0.356628,15.9451,15.755558,16.003,0.038707,0.032149523,0.032506697,0.0186,292.6956431,-4.8754569,0.917143,t17_f5_c3,,16.009,0.0236,,False,True,False,correction_1.0.6,0.0,1.876562890415015e+18,ZTF18abuzkke
ztf,59630.56041669985,1876560410415015001,2,1876560410415,19.1207,1,1876,0.28127,15.9351,15.747153,16.0098,0.038126,0.03170931,0.032065857,0.0212,292.6956336,-4.8754375,0.888571,t17_f5_c3,,15.9883,0.0263,,False,True,False,correction_1.0.6,0.0,1.876562890415015e+18,ZTF18abuzkke
ztf,59630.562893500086,1876562890415015001,2,1876562890415,18.960901,1,1876,0.33652404,15.953054,15.762235,15.9956,0.032029174,0.026428241,0.026866915,0.0244,292.6956284,-4.8754592,0.89428574,t17_f5_c3,1.0,15.981,0.0306,437120204.0,True,True,False,correction_1.0.6,0.0,,ZTF18abuzkke
ztf,59637.53324070014,1883533240415015000,2,1883533240415,17.135063,1,1883,0.37836725,16.209475,15.973011,16.3501,0.109101795,0.087553255,0.08774989,0.1305,292.6956001,-4.8754807,0.7057143,t17_f5_c3,0.9999939,16.4319,0.1803,437120204.0,True,True,False,correction_1.0.6,0.0,,ZTF18abuzkke
ztf,59637.535740700085,1883535740415015001,2,1883535740415,16.949968,1,1883,0.22844337,16.144403,15.920372,16.1363,0.099899255,0.08108092,0.081273615,0.1297,292.6956193,-4.8754294,0.70857143,t17_f5_c3,0.99999595,16.1078,0.162,437120204.0,True,True,False,correction_1.0.6,0.0,,ZTF18abuzkke
ztf,59637.53822920006,1883538220415015001,2,1883538220415,16.1824,1,1883,0.770461,16.0212,15.819104,16.5567,0.233433,0.19371958,0.19378658,0.3432,292.6957332,-4.8755337,0.582857,t17_f5_c3,,16.4669,0.406,,False,True,False,correction_1.0.6,0.0,1.883540720415015e+18,ZTF18abuzkke
ztf,59637.5407292,1883540720415015002,2,1883540720415,16.981894,1,1883,0.2946874,16.03176,15.827862,16.1649,0.10723682,0.08872757,0.08887613,0.1239,292.6955949,-4.8754576,0.70714283,t17_f5_c3,0.9999857,16.1381,0.1549,437120204.0,True,True,False,correction_1.0.6,0.0,,ZTF18abuzkke
ztf,59637.54321759986,1883543210415015003,2,1883543210415,17.29216,1,1883,0.30220667,16.091667,15.877275,16.1736,0.08100097,0.06626884,0.066486515,0.0931,292.6956111,-4.8754561,0.7271429,t17_f5_c3,0.9999814,16.1065,0.1119,437120204.0,True,True,False,correction_1.0.6,0.0,,ZTF18abuzkke
ztf,59638.53638890013,1884536380415015009,2,1884536380415,19.337746,1,1884,0.41673845,16.174625,15.944895,16.2693,0.043041606,0.034360398,0.03483343,0.0163,292.6956426,-4.8754773,0.74285716,t17_f5_c3,0.99993,16.241,0.0197,437120204.0,True,True,False,correction_1.0.6,0.0,,ZTF18abuzkke
ztf,59638.53896989999,1884538960415015003,2,1884538960415,19.20719,1,1884,0.31100655,16.208511,15.972237,16.2848,0.039396636,0.031144166,0.03169197,0.0162,292.6956158,-4.8754571,0.5985714,t17_f5_c3,0.999609,16.2288,0.0191,437120204.0,True,True,False,correction_1.0.6,0.0,,ZTF18abuzkke
ztf,59638.541562499944,1884541560415015002,2,1884541560415,19.1486,1,1884,0.39617,16.3045,16.048775,16.3312,0.040824,0.031636767,0.03225707,0.0165,292.6956284,-4.8754778,0.462857,t17_f5_c3,,16.2854,0.0197,,False,True,False,correction_1.0.6,0.0,1.884544150415015e+18,ZTF18abuzkke
ztf,59638.544155099895,1884544150415015008,2,1884544150415,19.203804,1,1884,0.35114112,16.176727,15.946595,16.2671,0.05059595,0.04052895,0.04093201,0.0161,292.6956375,-4.8754587,0.55714285,t17_f5_c3,0.9991047,16.2152,0.019,437120204.0,True,True,False,correction_1.0.6,0.0,,ZTF18abuzkke
ztf,59638.546747699846,1884546740415015004,2,1884546740415,19.045418,1,1884,0.32262957,16.242823,15.999752,16.3138,0.03876453,0.030399024,0.030988902,0.0168,292.6956152,-4.8754607,0.4557143,t17_f5_c3,0.9871011,16.2868,0.0204,437120204.0,True,True,False,correction_1.0.6,0.0,,ZTF18abuzkke
ztf,59639.53157409979,1885531570415015004,2,1885531570415,18.992128,1,1885,0.48759148,16.272692,16.023563,16.3479,0.044592187,0.03491155,0.03544928,0.0169,292.6956717,-4.8754816,0.41714287,t17_f5_c3,0.9990047,16.2976,0.02,437120204.0,True,True,False,correction_1.0.6,0.0,,ZTF18abuzkke
ztf,59639.53417820018,1885534170415015003,2,1885534170415,18.953388,1,1885,0.30500737,16.231907,15.991016,16.3629,0.06275716,0.04991413,0.05026981,0.0173,292.6956227,-4.8754522,0.44428572,t17_f5_c3,0.9938877,16.2998,0.0203,437120204.0,True,True,False,correction_1.0.6,0.0,,ZTF18abuzkke
ztf,59639.53678240022,1885536780415015017,2,1885536780415,18.8333,1,1885,0.275258,16.3155,16.057457,16.452,0.047081,0.036575254,0.037121713,0.0182,292.6955263,-4.8754268,0.368571,t17_f5_c3,,16.3168,0.0201,,False,True,False,correction_1.0.6,0.0,1.885541970415015e+18,ZTF18abuzkke
ztf,59639.53938659979,1885539380415015008,2,1885539380415,18.8393,1,1885,0.243524,16.2743,16.024841,16.3961,0.062988,0.04967787,0.050058115,0.0175,292.6955927,-4.8754433,0.392857,t17_f5_c3,,16.3013,0.02,,False,True,False,correction_1.0.6,0.0,1.885541970415015e+18,ZTF18abuzkke
ztf,59639.54197920021,1885541970415015003,2,1885541970415,18.944134,1,1885,0.4604521,16.21065,15.973956,16.3283,0.050982688,0.04057304,0.04099637,0.0168,292.6956597,-4.8754809,0.4242857,t17_f5_c3,0.95504624,16.2731,0.0199,437120204.0,True,True,False,correction_1.0.6,0.0,,ZTF18abuzkke
ztf,59670.465057900175,1916465050415015009,2,1916465050415,20.338625,1,1916,0.2627493,17.519142,16.873186,17.556,0.041945647,0.018824186,0.023136843,0.0348,292.6956361,-4.8754283,0.93285716,t17_f5_c3,0.99999994,17.5673,0.0434,437120204.0,True,True,False,correction_1.0.6,0.0,,ZTF18abuzkke
ztf,59670.465057900175,1916465050415025008,2,1916465050415,20.3236,1,1916,0.267771,17.532,16.880259,17.5756,0.040516,0.01762994,0.02222952,0.0357,292.6956372,-4.8754292,0.928571,t17_f5_c3,,17.5953,0.045,,False,True,False,correction_1.0.6,0.0,1.942478070415015e+18,ZTF18abuzkke
ztf,59674.472094899975,1920472090415015006,2,1920472090415,19.736156,1,1920,0.35673982,17.671894,16.954773,17.7711,0.058561627,0.026550291,0.030252747,0.054,292.6956158,-4.8754706,0.9028571,t17_f5_c3,1.0,17.8123,0.0705,437120204.0,True,True,False,correction_1.0.6,0.0,,ZTF18abuzkke
ztf,59677.45608799998,1923456080415015005,2,1923456080415,19.813269,1,1923,0.3041473,17.773207,17.00593,17.8231,0.07415582,0.03327081,0.03657923,0.0562,292.6956091,-4.875456,0.9242857,t17_f5_c3,1.0,17.8054,0.0697,437120204.0,True,True,False,correction_1.0.6,0.0,,ZTF18abuzkke
ztf,59684.42326389998,1930423260415015001,2,1930423260415,19.147987,1,1930,0.544072,17.972914,17.09986,18.0338,0.083805725,0.03363985,0.0375018,0.1158,292.695679,-4.8754954,0.89428574,t17_f5_c3,1.0,17.995,0.1427,437120204.0,True,True,False,correction_1.0.6,0.0,,ZTF18abuzkke
ztf,59687.41489579994,1933414890415015003,2,1933414890415,19.062775,1,1933,0.27077135,18.025576,17.12311,18.0744,0.12436279,0.05144786,0.054163184,0.1467,292.695656,-4.8754068,0.93714285,t17_f5_c3,1.0,18.0219,0.179,437120204.0,True,True,False,correction_1.0.6,0.0,,ZTF18abuzkke
ztf,59696.47807870014,1942478070415015008,2,1942478070415,20.306656,1,1942,0.2519895,18.230705,17.207731,18.3814,0.076302715,0.023438517,0.029740628,0.0686,292.6956069,-4.8754432,0.9342857,t17_f5_c3,0.9999999,18.2957,0.0793,437120204.0,True,True,False,correction_1.0.6,0.0,,ZTF18abuzkke
ztf,59700.422592599876,1946422590415015004,2,1946422590415,20.075607,1,1946,0.33677325,18.245743,17.213568,18.1844,0.08179432,0.025701346,0.031612065,0.0661,292.6956301,-4.8754604,0.93142855,t17_f5_c3,1.0,18.1928,0.0836,437120204.0,True,True,False,correction_1.0.6,0.0,,ZTF18abuzkke
ztf,59702.42451390019,1948424510415015003,2,1948424510415,20.058794,1,1948,0.29994875,18.295515,17.232534,18.2896,0.06553857,0.015980668,0.024620926,0.0693,292.6956411,-4.8754374,0.9071429,t17_f5_c3,1.0,18.2984,0.0875,437120204.0,True,True,False,correction_1.0.6,0.0,,ZTF18abuzkke
ztf,59708.36381939985,1954363810415015009,2,1954363810415,19.280787,1,1954,0.51734024,18.041006,17.129803,18.3082,0.12225203,0.04999326,0.05281716,0.0907,292.695696,-4.8754692,0.57285714,t17_f5_c3,0.9997264,18.2535,0.1093,437120204.0,True,True,False,correction_1.0.6,0.0,,ZTF18abuzkke
ztf,59708.4611343001,1954461130415015010,2,1954461130415,20.189724,1,1954,0.30644825,18.254915,17.217102,18.2157,0.07868233,0.023962446,0.030251874,0.0587,292.6956456,-4.875437,0.9,t17_f5_c3,1.0,18.1727,0.0705,437120204.0,True,True,False,correction_1.0.6,0.0,,ZTF18abuzkke
ztf,59711.459965299815,1957459960415015007,2,1957459960415,20.02855,1,1957,0.31762424,18.107277,17.15794,18.1444,0.07080104,0.02379952,0.029532814,0.0614,292.6956037,-4.8754613,0.9085714,t17_f5_c3,1.0,18.159,0.078,437120204.0,True,True,False,correction_1.0.6,0.0,,ZTF18abuzkke
ztf,59713.39806709997,1959398060415015004,2,1959398060415,19.640123,1,1959,0.2097828,18.023926,17.12239,18.2766,0.09341524,0.037036467,0.040719636,0.1192,292.6956146,-4.8754273,0.8842857,t17_f5_c3,1.0,18.3106,0.1567,437120204.0,True,True,False,correction_1.0.6,0.0,,ZTF18abuzkke
ztf,59718.321111099795,1964321110415015003,2,1964321110415,18.85102,1,1964,0.72885054,17.945007,17.087284,18.1723,0.116230726,0.050142024,0.05275108,0.1878,292.6957415,-4.8755081,0.8914286,t17_f5_c3,1.0,18.0982,0.225,437120204.0,True,True,False,correction_1.0.6,0.0,,ZTF18abuzkke
ztf,59718.41070599994,1964410700415015004,2,1964410700415,19.475355,1,1964,0.29227817,17.918491,17.075169,18.0695,0.08157912,0.033839885,0.037518892,0.1149,292.6956349,-4.8754403,0.88857144,t17_f5_c3,1.0,18.105,0.1515,437120204.0,True,True,False,correction_1.0.6,0.0,,ZTF18abuzkke
ztf,59721.43657410005,1967436570415015013,2,1967436570415,20.453396,1,1967,0.22376388,17.692106,16.965168,17.7605,0.06915417,0.032233726,0.035403244,0.039,292.6956242,-4.8754229,0.9042857,t17_f5_c3,1.0,17.7732,0.0489,437120204.0,True,True,False,correction_1.0.6,0.0,,ZTF18abuzkke
ztf,59721.44085650006,1967440850415015011,2,1967440850415,20.461658,1,1967,0.16806425,17.71398,16.97631,17.7972,0.06599771,0.030006938,0.03345502,0.0402,292.6956017,-4.875421,0.9071429,t17_f5_c3,0.9999999,17.772,0.0487,437120204.0,True,True,False,correction_1.0.6,0.0,,ZTF18abuzkke
ztf,59723.45738429995,1969457380415015007,2,1969457380415,20.317549,1,1969,0.23719934,17.63837,16.937326,17.6868,0.06069325,0.028442184,0.031821642,0.038,292.6956194,-4.8754311,0.9342857,t17_f5_c3,1.0,17.6826,0.047,437120204.0,True,True,False,correction_1.0.6,0.0,,ZTF18abuzkke
ztf,59725.41953699989,1971419530415015007,2,1971419530415,20.6248,1,1971,0.17938,17.5109,16.868631,17.6073,0.05736,0.028782193,0.031746913,0.0297,292.6956054,-4.8754212,0.898571,t17_f5_c3,,17.6077,0.0362,,False,True,False,1.1.2,0.0,1.973394300415015e+18,ZTF18abuzkke
ztf,59727.39430559985,1973394300415015006,2,1973394300415,20.1269,1,1973,0.2159663,17.469349,16.845438,17.5998,0.052629713,0.026565528,0.029625557,0.0405,292.6956224,-4.8754215,0.95428574,t17_f5_c3,1.0,17.6458,0.0525,437120204.0,True,True,False,1.1.2,0.0,,ZTF18abuzkke
ztf,59731.419999999925,1977419990415015008,2,1977419990415,20.20764,1,1977,0.16955529,17.256216,16.720367,17.3624,0.04922347,0.027683735,0.030049182,0.0287,292.6956024,-4.8754192,0.93,t17_f5_c3,1.0,17.3324,0.0345,437120204.0,True,True,False,1.1.2,0.0,,ZTF18abuzkke
ztf,59733.35391200008,1979353910415015008,2,1979353910415,20.31639,1,1979,0.20603743,17.167227,16.66518,17.2295,0.04567127,0.0265313,0.028762363,0.0251,292.6956079,-4.8754272,0.93714285,t17_f5_c3,1.0,17.2458,0.0312,437120204.0,True,True,False,1.1.2,0.0,,ZTF18abuzkke
ztf,59735.39865740016,1981398650415015007,2,1981398650415,20.707731,1,1981,0.20931853,17.0836,16.611769,17.1234,0.044440538,0.026764112,0.028777106,0.0193,292.695592,-4.8754328,0.9114286,t17_f5_c3,0.9999999,17.1055,0.0226,437120204.0,True,True,False,1.1.2,0.0,,ZTF18abuzkke
ztf,59737.30909720017,1983309090415015009,2,1983309090415,20.13458,1,1983,0.20032018,17.01263,16.565287,17.0892,0.048470873,0.030462496,0.032102857,0.0257,292.6956125,-4.8754238,0.9257143,t17_f5_c3,1.0,17.1226,0.0328,437120204.0,True,True,False,1.1.2,0.0,,ZTF18abuzkke
ztf,59741.37651620014,1987376510415015011,2,1987376510415,20.019295,1,1987,0.2007533,16.774878,16.402143,16.8663,0.048549816,0.03332106,0.034442466,0.0251,292.6956011,-4.8754284,0.88857144,t17_f5_c3,1.0,16.8901,0.0319,437120204.0,True,True,False,1.1.2,0.0,,ZTF18abuzkke
ztf,59743.31859950023,1989318590415015008,2,1989318590415,19.307926,1,1989,0.23678505,16.724566,16.366213,16.77,0.04279908,0.029589197,0.030767582,0.0333,292.6956292,-4.8754264,0.89,t17_f5_c3,1.0,16.7821,0.0426,437120204.0,True,True,False,1.1.2,0.0,,ZTF18abuzkke
ztf,59747.3718634001,1993371860415015009,2,1993371860415,19.798176,1,1993,0.15329093,16.472382,16.179209,16.5343,0.045977462,0.034372006,0.03509747,0.0226,292.695598,-4.8754162,0.86285716,t17_f5_c3,1.0,16.5267,0.0282,437120204.0,True,True,False,1.1.2,0.0,,ZTF18abuzkke
ztf,59749.37234950019,1995372340415015007,2,1995372340415,19.848623,1,1995,0.1932312,16.425238,16.143038,16.4684,0.026017638,0.018850988,0.020062622,0.0171,292.6955954,-4.8754301,0.9014286,t17_f5_c3,1.0,16.4594,0.021,437120204.0,True,True,False,1.1.2,0.0,,ZTF18abuzkke
ztf,59751.38381939987,1997383810415015012,2,1997383810415,20.360151,1,1997,0.18233877,16.301992,16.046791,16.3836,0.044235725,0.034400523,0.034969773,0.0125,292.695599,-4.8754234,0.8757143,t17_f5_c3,1.0,16.3823,0.0149,437120204.0,True,True,False,1.1.2,0.0,,ZTF18abuzkke
ztf,59753.33944439981,1999339440415015008,2,1999339440415,20.695225,1,1999,0.22708462,16.229204,15.988852,16.2637,0.034064803,0.026642181,0.027300132,0.01,292.6955991,-4.8754365,0.8585714,t17_f5_c3,0.99998164,16.2591,0.0116,437120204.0,True,True,False,1.1.2,0.0,,ZTF18abuzkke
ztf,59756.37495370023,2002374950415015007,2,2002374950415,20.554693,1,2002,0.20976208,16.060328,15.851485,16.1331,0.04369031,0.03566097,0.036045272,0.0093,292.6955774,-4.8754334,0.9014286,t17_f5_c3,0.9999995,16.1245,0.0108,437120204.0,True,True,False,1.1.2,0.0,,ZTF18abuzkke
ztf,59762.33643520018,2008336430415015005,1,2008336430415,20.525124,1,2008,0.2701477,19.199322,18.770016,19.4474,0.10105121,0.067339584,0.06804863,0.1394,292.6955605,-4.8754355,0.9071429,t17_f5_c3,1.0,19.3825,0.1665,437120104.0,True,True,False,1.1.2,0.0,,ZTF18abuzkke
ztf,59762.37825229997,2008378250415015005,2,2008378250415,20.759127,1,2008,0.21078935,15.844012,15.670044,15.897,0.038942344,0.032878153,0.03317681,0.0073,292.6955994,-4.8754321,0.85714287,t17_f5_c3,0.9999782,15.8968,0.0082,437120204.0,True,True,False,1.1.2,0.0,,ZTF18abuzkke
ztf,59764.33625000017,2010336250415015005,1,2010336250415,20.951866,1,2010,0.2634692,18.997644,18.630178,19.01,0.07393142,0.051995195,0.052703865,0.0718,292.6955863,-4.8754393,0.93857145,t17_f5_c3,0.9999999,18.9968,0.0886,437120104.0,True,True,False,dev,0.0,,ZTF18abuzkke
ztf,59764.357175900135,2010357170415015004,2,2010357170415,20.49697,1,2010,0.22936797,15.753515,15.592479,15.7936,0.03453174,0.0294831,0.029771704,0.0073,292.6956014,-4.8754387,0.8857143,t17_f5_c3,1.0,15.789,0.0084,437120204.0,True,True,False,dev,0.0,,ZTF18abuzkke
ztf,59768.33636569977,2014336360415015005,1,2014336360415,20.514994,1,2014,0.16554132,18.654318,18.374834,18.7641,0.0722629,0.05544624,0.055862706,0.0777,292.6955851,-4.8754139,0.94714284,t17_f5_c3,1.0,18.8729,0.1083,437120104.0,True,True,False,dev,0.0,,ZTF18abuzkke
ztf,59768.356250000186,2014356240415015002,1,2014356240415,20.605093,1,2014,0.19656795,18.688501,18.401165,18.8246,0.076516114,0.058308583,0.058724366,0.0756,292.6955885,-4.8754209,0.93857145,t17_f5_c3,1.0,18.7955,0.0929,437120104.0,True,True,False,dev,0.0,,ZTF18abuzkke
ztf,59770.3306828998,2016330680415015004,1,2016330680415,19.901361,1,2016,0.19498113,18.491776,18.247105,18.3643,0.07883282,0.06263548,0.06292727,0.0929,292.6955831,-4.8754233,0.95428574,t17_f5_c3,0.9999999,18.2861,0.1104,437120104.0,True,True,False,dev,0.0,,ZTF18abuzkke
ztf,59772.33561340021,2018335610415015007,2,2018335610415,19.552721,1,2018,0.19548653,15.408609,15.289088,15.4484,0.038663413,0.034491654,0.03463313,0.0104,292.6956028,-4.8754249,0.8442857,t17_f5_c3,0.9999999,15.4496,0.0129,437120204.0,True,True,False,dev,0.0,,ZTF18abuzkke
ztf,59772.41295140004,2018412950415015005,2,2018412950415,19.481209,1,2018,0.17552683,15.386667,15.269413,15.4194,0.033420224,0.029841445,0.029999053,0.0111,292.6955853,-4.8754257,0.86285716,t17_f5_c3,1.0,15.4136,0.0137,437120204.0,True,True,False,dev,0.0,,ZTF18abuzkke
ztf,59774.31530090002,2020315300415015005,2,2020315300415,18.744413,1,2020,0.24433143,15.318294,15.207844,15.3875,0.03395582,0.03053388,0.030671451,0.0169,292.6956049,-4.8754409,0.8528572,t17_f5_c3,1.0,15.3915,0.0216,437120204.0,True,True,False,dev,0.0,,ZTF18abuzkke
ztf,59774.39532409981,2020395320415015003,2,2020395320415,19.143497,1,2020,0.16109632,15.368944,15.25349,15.3974,0.035150845,0.03145967,0.031604897,0.0148,292.6955812,-4.8754208,0.79285717,t17_f5_c3,0.9999998,15.4075,0.0189,437120204.0,True,True,False,dev,0.0,,ZTF18abuzkke
ztf,59776.37092590006,2022370920415015005,2,2022370920415,19.795235,1,2022,0.11391429,15.210562,15.110078,15.2904,0.049920477,0.04543039,0.04550772,0.0078,292.6955921,-4.8754078,0.8242857,t17_f5_c3,0.9999301,15.2836,0.0095,437120204.0,True,True,False,dev,0.0,,ZTF18abuzkke
ztf,59782.31244210014,2028312440415015006,1,2028312440415,20.405296,1,2028,0.17592898,17.56926,17.457842,17.6088,0.04753215,0.042796455,0.042896356,0.0318,292.6955851,-4.8754152,0.9514286,t17_f5_c3,1.0,17.654,0.0412,437120104.0,True,True,False,dev,0.0,,ZTF18abuzkke
ztf,59784.30769680021,2030307690415015012,2,2030307690415,20.739315,1,2030,0.16518144,14.772565,14.704417,14.8349,0.039541207,0.037090767,0.037135642,0.0038,292.6955778,-4.8754215,0.74714285,t17_f5_c3,0.9999713,14.8282,0.0041,437120204.0,True,True,False,dev,0.0,,ZTF18abuzkke
ztf,59784.35327549977,2030353270415015010,1,2030353270415,20.70613,1,2030,0.19059442,17.35666,17.26424,17.4052,0.04318562,0.03958601,0.03966163,0.0223,292.6955931,-4.8754191,0.93285716,t17_f5_c3,1.0,17.3873,0.0268,437120104.0,True,True,False,dev,0.0,,ZTF18abuzkke
ztf,59786.29159720009,2032291590415015013,2,2032291590415,20.816202,1,2032,0.19738756,14.653555,14.592287,14.6789,0.040923957,0.038643524,0.038678564,0.0035,292.6955936,-4.8754287,0.7785714,t17_f5_c3,0.9997901,14.6753,0.0037,437120204.0,True,True,False,dev,0.0,,ZTF18abuzkke
ztf,59786.296423600055,2032296420415015011,1,2032296420415,20.590021,1,2032,0.2342628,17.182566,17.10335,17.1602,0.035608213,0.033035368,0.03310274,0.0186,292.6955934,-4.8754317,0.93857145,t17_f5_c3,0.9999998,17.1334,0.0221,437120104.0,True,True,False,dev,0.0,,ZTF18abuzkke
ztf,59788.29075230006,2034290750415015006,2,2034290750415,20.632517,1,2034,0.20503277,14.456052,14.404737,14.4907,0.04033961,0.03845248,0.03847741,0.0032,292.6956031,-4.8754285,0.7885714,t17_f5_c3,0.99991184,14.4858,0.0034,437120204.0,True,True,False,dev,0.0,,ZTF18abuzkke
ztf,59790.29510420002,2036295100415015006,1,2036295100415,20.363842,1,2036,0.20837936,16.516848,16.473225,16.5636,0.046852477,0.04499186,0.045007367,0.0143,292.6955953,-4.8754237,0.9114286,t17_f5_c3,0.99999917,16.5645,0.0173,437120104.0,True,True,False,dev,0.0,,ZTF18abuzkke
ztf,59792.28915510001,2038289150415015007,1,2038289150415,19.680302,1,2038,0.15344462,16.27079,16.235872,16.2911,0.05090072,0.04928066,0.049289804,0.0178,292.6955915,-4.8754091,0.89428574,t17_f5_c3,0.9999999,16.3062,0.0222,437120104.0,True,True,False,dev,0.0,,ZTF18abuzkke
ztf,59794.29449070012,2040294490415015010,1,2040294490415,20.44029,1,2040,0.18763262,15.920252,15.894857,15.9559,0.043593064,0.04257965,0.0425853,0.0085,292.695592,-4.8754186,0.9028571,t17_f5_c3,0.9997561,15.9442,0.0097,437120104.0,True,True,False,dev,0.0,,ZTF18abuzkke
ztf,59801.33766200021,2047337660415015005,2,2047337660415,19.37729,1,2047,0.18102658,13.40346,13.38371,13.422,0.026552003,0.026067784,0.026073392,0.0025,292.6955829,-4.8754258,0.73285717,t17_f5_c3,0.9998438,13.4172,0.0029,437120204.0,True,True,False,dev,0.0,,ZTF18abuzkke
ztf,59805.297025499865,2051297020415015006,2,2051297020415,19.754034,1,2051,0.20640282,13.283204,13.265509,13.3029,0.029322477,0.028844371,0.028848449,0.0019,292.6955875,-4.8754347,0.7,t17_f5_c3,0.9993913,13.2969,0.0021,437120204.0,True,True,False,dev,0.0,,ZTF18abuzkke
ztf,59807.26886569988,2053268860415015006,1,2053268860415,20.189966,1,2053,0.14629804,15.104508,15.092455,15.1262,0.03964632,0.039207213,0.039208613,0.0052,292.6955841,-4.8754081,0.8685714,t17_f5_c3,0.9997753,15.1167,0.006,437120104.0,True,True,False,dev,0.0,,ZTF18abuzkke
ztf,59809.33320599981,2055333200415015005,1,2055333200415,19.738262,1,2055,0.20650828,15.050204,15.038735,15.0748,0.020629177,0.020409985,0.020412419,0.0058,292.6955922,-4.8754241,0.87714285,t17_f5_c3,0.99999976,15.0699,0.0068,437120104.0,True,True,False,dev,0.0,,ZTF18abuzkke
ztf,59811.31998840021,2057319980415015009,2,2057319980415,20.429749,1,2057,0.17033705,13.179304,13.163212,13.2114,0.024959914,0.024588732,0.024592694,0.0017,292.695589,-4.8754244,0.76428574,t17_f5_c3,0.9992952,13.2065,0.0017,437120204.0,True,True,False,dev,0.0,,ZTF18abuzkke
ztf,59813.29133100016,2059291330415015005,1,2059291330415,20.274525,1,2059,0.22683887,15.060767,15.049187,15.0777,0.022562956,0.022321317,0.022323586,0.0046,292.6955948,-4.8754297,0.87142855,t17_f5_c3,0.99999905,15.073,0.0051,437120104.0,True,True,False,dev,0.0,,ZTF18abuzkke
ztf,59815.17874999996,2061178740415015008,2,2061178740415,20.658804,1,2061,0.17089953,13.169991,13.154035,13.2123,0.025727551,0.025348444,0.025352223,0.0016,292.6955964,-4.8754215,0.7157143,t17_f5_c3,0.98165095,13.2045,0.0016,437120204.0,True,True,False,dev,0.0,,ZTF18abuzkke
ztf,59817.17512729997,2063175120415015005,1,2063175120415,20.60299,1,2063,0.16881643,15.058581,15.047025,15.0819,0.032821324,0.03247226,0.032473814,0.0043,292.6955962,-4.8754135,0.88857144,t17_f5_c3,0.9987694,15.074,0.0047,437120104.0,True,True,False,dev,0.0,,ZTF18abuzkke
ztf,59817.19460650021,2063194600415015015,2,2063194600415,20.552265,1,2063,0.21765804,13.187184,13.170976,13.2179,0.025377529,0.02499753,0.025001483,0.0016,292.6955978,-4.8754333,0.76285714,t17_f5_c3,0.9915564,13.2106,0.0016,437120204.0,True,True,False,dev,0.0,,ZTF18abuzkke
ztf,59819.16953699989,2065169530415015007,1,2065169530415,20.52438,1,2065,0.2222292,15.121426,15.109184,15.1343,0.03256627,0.03219939,0.03220115,0.0044,292.6956027,-4.8754275,0.85142857,t17_f5_c3,0.9994653,15.1281,0.0048,437120104.0,True,True,False,dev,0.0,,ZTF18abuzkke
ztf,59819.19312500022,2065193120415015008,2,2065193120415,20.752153,1,2065,0.18468677,13.197395,13.181034,13.2234,0.031444285,0.030970756,0.030974006,0.0016,292.695594,-4.8754257,0.69857144,t17_f5_c3,0.9990635,13.218,0.0016,437120204.0,True,True,False,dev,0.0,,ZTF18abuzkke
ztf,59821.168530100025,2067168530415015001,1,2067168530415,20.62712,1,2067,0.21416359,15.115185,15.103013,15.1387,0.032703374,0.032337062,0.03233879,0.0044,292.6955916,-4.875426,0.89428574,t17_f5_c3,0.9995863,15.1308,0.0048,437120104.0,True,True,False,dev,0.0,,ZTF18abuzkke
ztf,59823.2980324002,2069298030415015009,1,2069298030415,20.015886,1,2069,0.3047399,15.149731,15.137167,15.1711,0.023653038,0.023378374,0.023380922,0.0053,292.695594,-4.8754517,0.87142855,t17_f5_c3,0.99999917,15.1619,0.0061,437120104.0,True,True,False,dev,0.0,,ZTF18abuzkke
ztf,59825.31645830022,2071316450415015008,2,2071316450415,19.924366,1,2071,0.25224316,13.299395,13.281435,13.3416,0.025009828,0.02459462,0.024599543,0.0019,292.6955733,-4.8754454,0.7442857,t17_f5_c3,0.9998134,13.3339,0.002,437120204.0,True,True,False,dev,0.0,,ZTF18abuzkke
ztf,59827.246678200085,2073246670415015007,1,2073246670415,19.665651,1,2073,0.1559123,15.350922,15.335818,15.3652,0.02684611,0.026472008,0.026475253,0.0082,292.6955887,-4.8754099,0.9342857,t17_f5_c3,0.999997,15.3639,0.01,437120104.0,True,True,False,dev,0.0,,ZTF18abuzkke
ztf,59827.31680560019,2073316800415015010,2,2073316800415,19.559368,1,2073,0.32081768,13.357791,13.338848,13.3828,0.019264517,0.01892421,0.018931324,0.0021,292.6955936,-4.8754632,0.76285714,t17_f5_c3,0.9999994,13.3725,0.0023,437120204.0,True,True,False,dev,0.0,,ZTF18abuzkke
ztf,59837.15013890015,2083150130415015004,1,2083150130415,20.618225,1,2083,0.21469465,15.81031,15.787336,15.8269,0.03245993,0.031774078,0.031780284,0.0069,292.6955947,-4.8754266,0.9042857,t17_f5_c3,0.9999538,15.8205,0.0079,437120104.0,True,True,False,dev,0.0,,ZTF18abuzkke
ztf,59840.18593750009,2086185930415015003,1,2086185930415,20.936457,1,2086,0.2114416,15.976997,15.950257,16.0064,0.03941399,0.038448207,0.038455132,0.0068,292.6955912,-4.8754257,0.87857145,t17_f5_c3,0.99989164,15.9998,0.0076,437120104.0,True,True,False,dev,0.0,,ZTF18abuzkke
ztf,59840.21931710001,2086219310415015006,1,2086219310415,20.788609,1,2086,0.2156287,15.988425,15.961406,16.0073,0.035608537,0.03472549,0.03473332,0.0072,292.6955849,-4.8754265,0.9057143,t17_f5_c3,0.9996465,16.0089,0.0082,437120104.0,True,True,False,dev,0.0,,ZTF18abuzkke
ztf,59842.16645829985,2088166450415015004,1,2088166450415,20.389557,1,2088,0.23790538,16.119905,16.089457,16.1338,0.028674578,0.02786922,0.027881568,0.009,292.6955974,-4.8754329,0.92285717,t17_f5_c3,0.9999999,16.1258,0.0106,437120104.0,True,True,False,dev,0.0,,ZTF18abuzkke
ztf,59842.20663189981,2088206630415015008,2,2088206630415,20.53408,1,2088,0.20772667,13.84801,13.818403,13.8858,0.035760436,0.0347891,0.034798462,0.0022,292.6955969,-4.8754319,0.78,t17_f5_c3,0.9999422,13.8794,0.0024,437120204.0,True,True,False,dev,0.0,,ZTF18abuzkke
ztf,59844.16696760012,2090166960415015006,2,2090166960415,20.617538,1,2090,0.17158648,13.944737,13.912413,13.9723,0.03325093,0.032263562,0.03227556,0.0023,292.6955936,-4.8754227,0.79,t17_f5_c3,0.9999374,13.9669,0.0024,437120204.0,True,True,False,dev,0.0,,ZTF18abuzkke
ztf,59846.150902799796,2092150900415015006,2,2092150900415,20.467537,1,2092,0.1755474,14.035471,14.000374,14.0807,0.034222223,0.033119906,0.03313365,0.0026,292.6955905,-4.875424,0.75714284,t17_f5_c3,0.99945295,14.0741,0.0028,437120204.0,True,True,False,dev,0.0,,ZTF18abuzkke
ztf,59848.14900460001,2094149000415015009,1,2094149000415,20.756443,1,2094,0.20574363,16.437822,16.397205,16.463,0.03444439,0.033161364,0.033179652,0.0105,292.6955974,-4.8754238,0.91714287,t17_f5_c3,0.9999885,16.4586,0.0122,437120104.0,True,True,False,dev,0.0,,ZTF18abuzkke
ztf,59848.1978356,2094197830415015011,2,2094197830415,20.51548,1,2094,0.15230931,14.122404,14.084432,14.1506,0.04305781,0.04156515,0.041577935,0.0027,292.6955958,-4.8754171,0.78,t17_f5_c3,0.9983258,14.1454,0.0028,437120204.0,True,True,False,dev,0.0,,ZTF18abuzkke
ztf,59850.12945599994,2096129450415015015,2,2096129450415,20.638235,1,2096,0.16944471,14.202937,14.162095,14.2341,0.026217902,0.025225688,0.02524999,0.0027,292.695592,-4.8754223,0.79571426,t17_f5_c3,0.99996674,14.228,0.0028,437120204.0,True,True,False,dev,0.0,,ZTF18abuzkke
ztf,59850.15054399986,2096150540415015006,1,2096150540415,20.369291,1,2096,0.22042109,16.64712,16.59806,16.6638,0.045540478,0.043508325,0.04352851,0.0134,292.6955916,-4.8754281,0.89857143,t17_f5_c3,0.99999976,16.6672,0.0163,437120104.0,True,True,False,dev,0.0,,ZTF18abuzkke
ztf,59853.1302894,2099130280415015008,1,2099130280415,20.719038,1,2099,0.18663396,16.775751,16.720675,16.7979,0.04128205,0.0392121,0.039240167,0.0135,292.6955866,-4.8754181,0.85,t17_f5_c3,0.99999106,16.7821,0.0159,437120104.0,True,True,False,dev,0.0,,ZTF18abuzkke
ztf,59853.2042824002,2099204280415015006,2,2099204280415,20.733643,1,2099,0.21769951,14.326929,14.281249,14.3568,0.033876225,0.03245699,0.032480516,0.0028,292.6955976,-4.8754351,0.7614286,t17_f5_c3,0.9998826,14.3524,0.003,437120204.0,True,True,False,dev,0.0,,ZTF18abuzkke
ztf,59855.21092589991,2101210920415015007,1,2101210920415,19.544546,1,2101,0.24720123,16.973457,16.907707,16.9456,0.049276587,0.046347573,0.046381086,0.0333,292.695585,-4.8754354,0.9442857,t17_f5_c3,1.0,16.9126,0.0409,437120104.0,True,True,False,dev,0.0,,ZTF18abuzkke
ztf,59857.21002310002,2103210020415015004,2,2103210020415,19.38256,1,2103,0.16240221,14.517597,14.463364,14.555,0.02770299,0.026312612,0.026353182,0.0059,292.6955777,-4.8754205,0.8314286,t17_f5_c3,0.99999946,14.5442,0.0071,437120204.0,True,True,False,dev,0.0,,ZTF18abuzkke
ztf,59859.16968750022,2105169680415015004,1,2105169680415,19.421753,1,2105,0.20541859,17.2177,17.135973,17.2892,0.04115817,0.038111825,0.03817385,0.054,292.6955825,-4.8754234,0.9514286,t17_f5_c3,0.9999999,17.3603,0.0735,437120104.0,True,True,False,dev,0.0,,ZTF18abuzkke
ztf,59859.21175929997,2105211750415015005,2,2105211750415,19.416616,1,2105,0.2001684,14.601805,14.543313,14.6274,0.032146156,0.030419502,0.030460168,0.006,292.6955852,-4.8754294,0.83,t17_f5_c3,0.9999892,14.6202,0.0072,437120204.0,True,True,False,dev,0.0,,ZTF18abuzkke
ztf,59862.12106479984,2108121060415015005,2,2108121060415,19.54661,1,2108,0.1950373,14.743134,14.676754,14.7772,0.03303217,0.031022172,0.031073151,0.0056,292.6955972,-4.8754313,0.6571429,t17_f5_c3,0.9999996,14.775,0.0068,437120204.0,True,True,False,dev,0.0,,ZTF18abuzkke
ztf,59862.173229199834,2108173220415015003,1,2108173220415,19.196758,1,2108,0.2058737,17.405334,17.308859,17.5282,0.06007161,0.054904845,0.05496406,0.074,292.6955696,-4.8754217,0.93857145,t17_f5_c3,1.0,17.5212,0.0941,437120104.0,True,True,False,dev,0.0,,ZTF18abuzkke
ztf,59865.121354199946,2111121350415015008,2,2111121350415,20.436605,1,2111,0.18052416,14.88784,14.812319,14.906,0.028877739,0.02686181,0.02693734,0.0042,292.6955941,-4.8754256,0.8414286,t17_f5_c3,0.9999958,14.9007,0.0046,437120204.0,True,True,False,1.1.6,0.0,,ZTF18abuzkke
ztf,59865.193113400135,2111193110415015004,1,2111193110415,19.590773,1,2111,0.16957042,17.594702,17.480776,17.6862,0.05635564,0.050653886,0.05074196,0.0636,292.6955822,-4.8754123,0.94857144,t17_f5_c3,1.0,17.6539,0.0787,437120104.0,True,True,False,1.1.6,0.0,,ZTF18abuzkke
ztf,59867.11893519992,2113118930415015009,1,2113118930415,20.658567,1,2113,0.23150137,17.744684,17.614855,17.7683,0.04997811,0.04421626,0.04434535,0.0289,292.695593,-4.875431,0.95,t17_f5_c3,1.0,17.781,0.036,437120104.0,True,True,False,1.1.6,0.0,,ZTF18abuzkke
ztf,59867.150914399885,2113150910415015006,2,2113150910415,20.487799,1,2113,0.20134924,14.965607,14.884682,14.9962,0.032681715,0.03025774,0.030334365,0.0044,292.6955894,-4.8754302,0.8414286,t17_f5_c3,0.9999858,14.99,0.0048,437120204.0,True,True,False,1.1.6,0.0,,ZTF18abuzkke
ztf,59871.116088000126,2117116080415015004,1,2117116080415,20.310064,1,2117,0.18407811,18.05423,17.884764,18.1279,0.066786125,0.056969974,0.057134695,0.0508,292.6955826,-4.8754165,0.9457143,t17_f5_c3,1.0,18.1428,0.0649,437120104.0,True,True,False,1.1.6,0.0,,ZTF18abuzkke
ztf,59871.15009259991,2117150090415015006,2,2117150090415,20.032192,1,2117,0.23610632,15.171526,15.074436,15.195,0.031241635,0.028453702,0.028569192,0.0058,292.6955915,-4.8754414,0.84,t17_f5_c3,0.9999999,15.1913,0.0068,437120204.0,True,True,False,1.1.6,0.0,,ZTF18abuzkke
ztf,59873.14358799998,2119143580415015004,2,2119143580415,19.831512,1,2119,0.20970301,15.251027,15.146905,15.2907,0.02638639,0.023815991,0.023973474,0.0065,292.6955672,-4.8754318,0.8442857,t17_f5_c3,0.99999964,15.2776,0.0076,437120204.0,True,True,False,1.1.6,0.0,,ZTF18abuzkke
ztf,59877.11028939998,2123110280415015006,2,2123110280415,20.023798,1,2123,0.22349322,15.475139,15.348489,15.4953,0.02248622,0.019735942,0.020010438,0.0072,292.6956003,-4.8754356,0.91,t17_f5_c3,1.0,15.492,0.0086,437120204.0,True,True,False,1.1.6,0.0,,ZTF18abuzkke
ztf,59877.208726900164,2123208720415015001,1,2123208720415,19.41064,1,2123,0.47943297,18.309729,18.099413,18.3315,0.08846178,0.072691746,0.07288347,0.1029,292.6956446,-4.8754895,0.85571426,t17_f5_c3,0.9999971,18.2572,0.1227,437120104.0,True,True,False,1.1.6,0.0,,ZTF18abuzkke
ztf,59879.11016200017,2125110160415015009,2,2125110160415,20.213806,1,2125,0.20119633,15.551562,15.41623,15.5814,0.027072627,0.023639977,0.023899974,0.0072,292.695591,-4.8754324,0.9014286,t17_f5_c3,1.0,15.5805,0.0085,437120204.0,True,True,False,1.1.6,0.0,,ZTF18abuzkke
ztf,59881.11350690015,2127113500415015007,1,2127113500415,20.19152,1,2127,0.26529065,18.703323,18.412523,18.8093,0.08156648,0.06200155,0.06240097,0.1023,292.6955813,-4.8754423,0.93142855,t17_f5_c3,0.9999999,18.7617,0.1245,437120104.0,True,True,False,1.1.6,0.0,,ZTF18abuzkke
ztf,59881.18526619999,2127185260415015004,2,2127185260415,19.553076,1,2127,0.25477627,15.593866,15.45349,15.6547,0.03187177,0.027768945,0.028006298,0.01,292.6955684,-4.8754452,0.87142855,t17_f5_c3,0.9999999,15.6509,0.0122,437120204.0,True,True,False,1.1.6,0.0,,ZTF18abuzkke
ztf,59883.10928239999,2129109280415015003,2,2129109280415,19.946236,1,2129,0.24239695,15.692355,15.539547,15.734,0.03103431,0.026670687,0.026959933,0.0096,292.695571,-4.8754413,0.92714286,t17_f5_c3,1.0,15.7331,0.0117,437120204.0,True,True,False,1.1.6,0.0,,ZTF18abuzkke
ztf,59883.15271990001,2129152710415015003,1,2129152710415,19.618416,1,2129,0.3683844,18.761225,18.45654,18.6916,0.10499164,0.078960806,0.07930129,0.1379,292.6955412,-4.8754584,0.9342857,t17_f5_c3,0.99999994,18.6444,0.169,437120104.0,True,True,False,1.1.6,0.0,,ZTF18abuzkke
ztf,59887.11118059978,2133111180415015005,2,2133111180415,19.435093,1,2133,0.22378163,15.940733,15.751889,15.9382,0.02221118,0.018040353,0.018665269,0.014,292.6955923,-4.875438,0.88,t17_f5_c3,1.0,15.9183,0.0172,437120204.0,True,True,False,1.1.6,0.0,,ZTF18abuzkke
ztf,59887.16552079981,2133165520415015001,1,2133165520415,18.9614,1,2133,0.508173,19.2107,18.777664,19.4393,0.290753,0.1948743,0.19512394,0.4404,292.6955764,-4.8755083,0.748571,t17_f5_c3,,19.7766,0.7712,,False,True,False,1.1.6,0.0,2.140161710415015e+18,ZTF18abuzkke
ztf,59889.112141199876,2135112140415015002,1,2135112140415,19.3007,1,2135,0.200673,19.2409,18.79784,19.466,0.223899,0.14853741,0.14887714,0.3767,292.6955349,-4.8753496,0.862857,t17_f5_c3,,19.3186,0.422,,False,True,False,1.1.6,0.0,2.140161710415015e+18,ZTF18abuzkke
ztf,59894.16171299992,2140161710415015007,2,2140161710415,19.117401,1,2140,0.17543359,16.192102,15.959017,16.2262,0.02633317,0.020439716,0.021245603,0.0241,292.695583,-4.8754246,0.9028571,t17_f5_c3,1.0,16.2264,0.0305,437120204.0,True,True,False,1.1.6,0.0,,ZTF18abuzkke
ztf,59896.10839120019,2142108390415015008,2,2142108390415,19.81334,1,2142,0.21344711,16.257698,16.011627,16.2898,0.036584415,0.028523805,0.029165385,0.0161,292.6955818,-4.8754352,0.92714286,t17_f5_c3,1.0,16.2726,0.0196,437120204.0,True,True,False,1.1.6,0.0,,ZTF18abuzkke
ztf,59900.10297450004,2146102970415015006,2,2146102970415,19.257578,1,2146,0.33379424,16.383541,16.110744,16.4225,0.039257545,0.029799119,0.030535448,0.0183,292.6955594,-4.8754659,0.66,t17_f5_c3,0.9999427,16.3954,0.0223,437120204.0,True,True,False,1.1.6,0.0,,ZTF18abuzkke
ztf,59902.107580999844,2148107580415015004,2,2148107580415,19.639723,1,2148,0.17018981,16.476458,16.182318,16.5003,0.029709784,0.02151164,0.022659166,0.02,292.6956029,-4.8754189,0.8971428,t17_f5_c3,1.0,16.5037,0.025,437120204.0,True,True,False,1.1.6,0.0,,ZTF18abuzkke
ztf,59993.5572106,2239557210415015003,2,2239557210415,19.162987,1,2239,0.57684654,17.971823,17.099371,18.007,0.07337015,0.028366202,0.032850266,0.1002,292.6957027,-4.8754871,0.81142855,t17_f5_c3,1.0,18.0356,0.131,437120204.0,True,True,False,1.1.6,0.0,,ZTF18abuzkke
ztf,59993.55964120012,2239559640415015002,2,2239559640415,19.043135,1,2239,0.32363498,18.103163,17.156221,18.1142,0.076332904,0.026711136,0.031910636,0.1288,292.6956456,-4.8754429,0.8528572,t17_f5_c3,0.9999994,18.1104,0.164,437120204.0,True,True,False,1.1.6,0.0,,ZTF18abuzkke
ztf,59993.5620833002,2239562080415015002,2,2239562080415,18.845833,1,2239,0.3639239,18.059765,17.137869,17.8883,0.079799466,0.029508462,0.03413825,0.1268,292.695666,-4.8754358,0.84,t17_f5_c3,0.99999535,17.8306,0.1538,437120204.0,True,True,False,1.1.6,0.0,,ZTF18abuzkke
ztf,59993.56451389985,2239564510415015029,2,2239564510415,18.21196,1,2239,0.9142049,17.786535,17.012484,18.077,0.14098047,0.067396134,0.06910962,0.1964,292.6956737,-4.8756169,0.5257143,t17_f5_c3,0.995689,18.0876,0.2543,437120204.0,True,True,False,1.1.6,0.0,,ZTF18abuzkke
ztf,59994.55370370019,2240553700415015005,2,2240553700415,18.989017,1,2240,0.33898655,17.830175,17.033657,17.9698,0.06640389,0.027810972,0.031885,0.0958,292.6956491,-4.8754457,0.6028572,t17_f5_c3,0.99991816,17.8739,0.1117,437120204.0,True,True,False,1.1.6,0.0,,ZTF18abuzkke
ztf,59994.55613429984,2240556130415015018,2,2240556130415,18.861116,1,2240,0.44711143,17.882837,17.058626,17.8734,0.085912414,0.03691167,0.040213443,0.0895,292.695701,-4.8754238,0.4757143,t17_f5_c3,0.9999496,17.8638,0.1132,437120204.0,True,True,False,1.1.6,0.0,,ZTF18abuzkke
ztf,59994.558576399926,2240558570415015004,2,2240558570415,18.976948,1,2240,0.4057312,17.974415,17.10053,18.0245,0.08787632,0.035621304,0.039293293,0.1026,292.6956419,-4.8754742,0.7185714,t17_f5_c3,1.0,18.0275,0.1312,437120204.0,True,True,False,1.1.6,0.0,,ZTF18abuzkke
ztf,59994.56101850001,2240561010415015001,2,2240561010415,18.859934,1,2240,0.8057105,17.950294,17.08968,17.9106,0.104595274,0.04440524,0.04734413,0.1027,292.6956883,-4.8755772,0.68714285,t17_f5_c3,0.99999166,17.9804,0.14,437120204.0,True,True,False,1.1.6,0.0,,ZTF18abuzkke
ztf,59994.563449100126,2240563440415015004,2,2240563440415,18.725437,1,2240,0.3814206,18.0106,17.116562,17.97,0.09549679,0.038387146,0.041915428,0.1254,292.6956195,-4.8754768,0.57285714,t17_f5_c3,0.99999934,18.0701,0.1758,437120204.0,True,True,False,1.1.6,0.0,,ZTF18abuzkke
ztf,60021.48416669993,2267484160415015004,2,2267484160415,19.434265,1,2267,0.38053828,16.466202,16.174488,16.4764,0.033395782,0.024529276,0.025527371,0.0193,292.695635,-4.8754698,0.80142856,t17_f5_c3,0.9999995,16.4326,0.023,437120204.0,True,True,False,1.1.6,0.0,,ZTF18abuzkke
ztf,60036.46291670017,2282462910415015008,2,2282462910415,19.72795,1,2282,0.27283555,15.955806,15.764542,15.9772,0.037173375,0.030790322,0.03116926,0.014,292.6956245,-4.8754402,0.9142857,t17_f5_c3,1.0,15.9588,0.017,437120204.0,True,True,False,1.1.6,0.0,,ZTF18abuzkke
ztf,60036.501597200055,2282501590415015005,1,2282501590415,20.099676,1,2282,0.3168577,19.341797,18.863874,19.5898,0.13411479,0.08569574,0.086358994,0.2159,292.6956588,-4.8754236,0.9342857,t17_f5_c3,0.99999964,19.5699,0.2705,437120104.0,True,True,False,1.1.6,0.0,,ZTF18abuzkke
ztf,60044.4208217999,2290420820415015003,2,2290420820415,19.435308,1,2290,0.26444247,15.641864,15.495552,15.6577,0.028183507,0.024338212,0.024630336,0.0128,292.6956229,-4.8754391,0.8971428,t17_f5_c3,1.0,15.6498,0.0158,437120204.0,True,True,False,1.1.6,0.0,,ZTF18abuzkke
ztf,60044.48127309978,2290481270415015007,1,2290481270415,19.613102,1,2290,0.026762282,18.759668,18.455362,19.0045,0.12936117,0.09746667,0.09774212,0.2027,292.6955858,-4.8753752,0.92142856,t17_f5_c3,0.9999999,19.024,0.2642,437120104.0,True,True,False,1.1.6,0.0,,ZTF18abuzkke
ztf,60051.45797450002,2297457970415015007,2,2297457970415,20.620369,1,2297,0.23717771,15.1764,15.078893,15.2105,0.030280301,0.027559236,0.027679438,0.0048,292.6956104,-4.8754355,0.83,t17_f5_c3,0.99999505,15.2029,0.0053,437120204.0,True,True,False,1.1.6,0.0,,ZTF18abuzkke
ztf,60051.48740739981,2297487400415015005,1,2297487400415,20.524803,1,2297,0.19593617,17.99771,17.836231,18.0141,0.055024587,0.047238883,0.04742046,0.0365,292.6955957,-4.8754224,0.94285715,t17_f5_c3,1.0,18.0,0.0447,437120104.0,True,True,False,1.1.6,0.0,,ZTF18abuzkke
ztf,60054.446562500205,2300446560415015004,1,2300446560415,20.068283,1,2300,0.34972194,17.58154,17.468918,17.5719,0.058062,0.05225764,0.05234117,0.0326,292.6955849,-4.8754654,0.93857145,t17_f5_c3,0.9999999,17.5222,0.039,437120104.0,True,True,False,1.1.6,0.0,,ZTF18abuzkke
ztf,60054.4800809999,2300480080415015008,2,2300480080415,20.259361,1,2300,0.23049073,14.938785,14.859764,14.9595,0.023373526,0.021630555,0.021732822,0.0046,292.6956119,-4.8754327,0.8314286,t17_f5_c3,0.9999995,14.9555,0.0052,437120204.0,True,True,False,1.1.6,0.0,,ZTF18abuzkke
ztf,60056.47979169991,2302479790415015008,2,2302479790415,20.474115,1,2302,0.1811843,14.703296,14.639238,14.744,0.039844234,0.037522126,0.03756147,0.0038,292.695607,-4.875421,0.8142857,t17_f5_c3,0.99998546,14.7424,0.0041,437120204.0,True,True,False,1.2.0,0.0,,ZTF18abuzkke
ztf,60058.45708330022,2304457080415015002,2,2304457080415,20.101866,1,2304,0.22929506,14.526055,14.471408,14.55,0.020743424,0.019670153,0.0197252,0.0037,292.6956078,-4.8754344,0.8414286,t17_f5_c3,0.99999976,14.5412,0.0041,437120204.0,True,True,False,1.2.0,0.0,,ZTF18abuzkke
ztf,60060.42201389978,2306422010415015004,1,2306422010415,20.109146,1,2306,0.29062015,16.656475,16.607,16.6843,0.037643712,0.035942033,0.03596687,0.0156,292.6956056,-4.8754485,0.9242857,t17_f5_c3,1.0,16.6651,0.0186,437120104.0,True,True,False,1.2.0,0.0,,ZTF18abuzkke
ztf,60060.47193290014,2306471930415015005,2,2306471930415,20.131456,1,2306,0.22626041,14.286185,14.242154,14.3232,0.025356773,0.024319807,0.024349017,0.0032,292.6955975,-4.8754384,0.8242857,t17_f5_c3,0.9999957,14.316,0.0034,437120204.0,True,True,False,1.2.0,0.0,,ZTF18abuzkke
ztf,60062.466273100115,2308466270415015005,2,2308466270415,20.329044,1,2308,0.21710871,14.132051,14.093746,14.1377,0.024029475,0.023173155,0.02319648,0.0027,292.6956032,-4.8754324,0.8142857,t17_f5_c3,0.9999858,14.1318,0.0029,437120204.0,True,True,False,1.2.0,0.0,,ZTF18abuzkke
ztf,60064.444363399874,2310444360415015008,2,2310444360415,20.324583,1,2310,0.1986201,13.923797,13.89208,13.936,0.025008213,0.024272881,0.024288243,0.0024,292.6956052,-4.8754275,0.80714285,t17_f5_c3,0.99993575,13.931,0.0026,437120204.0,True,True,False,1.2.0,0.0,,ZTF18abuzkke
ztf,60064.466678199824,2310466670415015003,1,2310466670415,20.324139,1,2310,0.21351689,16.145496,16.11433,16.1355,0.03270912,0.03177223,0.03178357,0.0089,292.6955973,-4.8754262,0.8657143,t17_f5_c3,0.9999932,16.1309,0.0103,437120104.0,True,True,False,1.2.0,0.0,,ZTF18abuzkke
ztf,60072.39710649988,2318397100415015004,1,2318397100415,19.085644,1,2318,0.25244528,15.500375,15.483061,15.4951,0.025776504,0.025364263,0.025368704,0.0124,292.6956029,-4.8754366,0.89,t17_f5_c3,0.99999964,15.4975,0.0155,437120104.0,True,True,False,1.2.0,0.0,,ZTF18abuzkke
ztf,60076.4193171002,2322419310415015005,1,2322419310415,20.060165,1,2322,0.23223068,15.362508,15.347243,15.3966,0.032468967,0.032012947,0.03201569,0.0065,292.6955993,-4.8754299,0.92,t17_f5_c3,0.9999988,15.3873,0.0076,437120104.0,True,True,False,1.2.0,0.0,,ZTF18abuzkke
ztf,60076.46030090004,2322460300415015010,2,2322460300415,20.12306,1,2322,0.20228861,13.410255,13.390383,13.4404,0.027880209,0.02736915,0.02737456,0.0019,292.6955981,-4.87543,0.76857144,t17_f5_c3,0.99985266,13.4351,0.002,437120204.0,True,True,False,1.2.0,0.0,,ZTF18abuzkke
ztf,60078.38624999998,2324386250415015006,1,2324386250415,20.49085,1,2324,0.16662927,15.350004,15.334913,15.3811,0.03031072,0.029889481,0.02989235,0.0055,292.6956064,-4.8754086,0.8957143,t17_f5_c3,0.9999566,15.3782,0.0061,437120104.0,True,True,False,1.2.0,0.0,,ZTF18abuzkke
ztf,60078.42627310008,2324426270415015005,2,2324426270415,20.545391,1,2324,0.17797597,13.366376,13.347284,13.4161,0.0282042,0.02770765,0.027712584,0.0018,292.6956041,-4.8754213,0.7657143,t17_f5_c3,0.9999508,13.4097,0.0019,437120204.0,True,True,False,1.2.0,0.0,,ZTF18abuzkke
ztf,60080.42217590008,2326422170415015013,1,2326422170415,19.190016,1,2326,0.24664924,15.334853,15.31997,15.3597,0.015091049,0.014879994,0.014885598,0.0114,292.6956058,-4.875434,0.80714285,t17_f5_c3,0.9999958,15.355,0.0136,437120104.0,True,True,False,1.2.0,0.0,,ZTF18abuzkke
ztf,60083.426400499884,2329426400415015009,1,2329426400415,20.50145,1,2329,0.23170123,15.475271,15.458349,15.4844,0.024764339,0.024376953,0.024381367,0.0054,292.6955995,-4.8754294,0.8757143,t17_f5_c3,0.9999101,15.4781,0.006,437120104.0,True,True,False,1.2.0,0.0,,ZTF18abuzkke
ztf,60085.379756900016,2331379750415015007,1,2331379750415,20.374908,1,2331,0.28453377,15.474313,15.457406,15.472,0.028542807,0.028097963,0.028101787,0.0058,292.6956167,-4.8754417,0.9014286,t17_f5_c3,0.9999901,15.4661,0.0065,437120104.0,True,True,False,1.2.0,0.0,,ZTF18abuzkke
ztf,60085.438796299975,2331438790415015006,2,2331438790415,20.728897,1,2331,0.21832943,13.400297,13.380605,13.4471,0.028284261,0.027770648,0.027775884,0.0018,292.6956046,-4.8754333,0.7542857,t17_f5_c3,0.99962425,13.4411,0.0018,437120204.0,True,True,False,1.2.0,0.0,,ZTF18abuzkke
ztf,60087.439652800094,2333439650415015011,1,2333439650415,20.83314,1,2333,0.22142257,15.494874,15.477647,15.5117,0.02956196,0.029092764,0.029096596,0.0052,292.6956019,-4.8754283,0.8914286,t17_f5_c3,0.9772512,15.5071,0.0057,437120104.0,True,True,False,1.2.0,0.0,,ZTF18abuzkke
ztf,60089.419131900184,2335419130415015004,1,2335419130415,20.502892,1,2335,0.22352526,15.567919,15.549502,15.5809,0.02485873,0.024435421,0.024440631,0.0057,292.6956019,-4.8754287,0.8842857,t17_f5_c3,0.9999933,15.5752,0.0063,437120104.0,True,True,False,1.2.0,0.0,,ZTF18abuzkke
ztf,60089.44249999989,2335442490415015007,2,2335442490415,20.587917,1,2335,0.20317031,13.479267,13.458103,13.5099,0.022451045,0.022010038,0.022017656,0.0018,292.695598,-4.8754316,0.76857144,t17_f5_c3,0.99993265,13.5026,0.0019,437120204.0,True,True,False,1.2.0,0.0,,ZTF18abuzkke
ztf,60092.349386599846,2338349380415015007,1,2338349380415,20.263975,1,2338,0.2348232,15.59633,15.57743,15.6187,0.030503739,0.029972857,0.02997733,0.007,292.6956129,-4.8754282,0.92285717,t17_f5_c3,0.9998264,15.6065,0.0081,437120104.0,True,True,False,1.2.0,0.0,,ZTF18abuzkke
ztf,60092.39568290021,2338395680415015013,2,2338395680415,20.736532,1,2338,0.16725491,13.524197,13.502148,13.5549,0.02605995,0.025528945,0.025536068,0.0019,292.6955996,-4.8754202,0.75714284,t17_f5_c3,0.9998759,13.5484,0.0019,437120204.0,True,True,False,1.2.0,0.0,,ZTF18abuzkke
ztf,60094.39976850012,2340399760415015007,1,2340399760415,20.497492,1,2340,0.216169,15.690974,15.670368,15.7165,0.031194808,0.030603163,0.03060836,0.0065,292.6955997,-4.8754264,0.8857143,t17_f5_c3,0.999979,15.7086,0.0075,437120104.0,True,True,False,1.2.0,0.0,,ZTF18abuzkke
ztf,60099.43783560023,2345437830415015001,1,2345437830415,19.029558,1,2345,0.20961286,15.854777,15.8308525,15.9057,0.029517617,0.0288669,0.028874304,0.0204,292.6955911,-4.8754247,0.9257143,t17_f5_c3,1.0,15.8886,0.0255,437120104.0,True,True,False,1.2.0,0.0,,ZTF18abuzkke
ztf,60101.4370833002,2347437080415015003,1,2347437080415,18.92094,1,2347,0.2450903,15.988077,15.961066,16.0071,0.0268168,0.02614749,0.02615788,0.0209,292.695593,-4.8754345,0.8914286,t17_f5_c3,0.99999726,16.0048,0.0265,437120104.0,True,True,False,1.2.0,0.0,,ZTF18abuzkke
ztf,60104.37690970022,2350376900415015005,2,2350376900415,20.358744,1,2350,0.22077294,13.826766,13.797725,13.8547,0.029410029,0.028622858,0.028633807,0.0023,292.6956027,-4.8754344,0.7457143,t17_f5_c3,0.9998192,13.8501,0.0025,437120204.0,True,True,False,1.2.0,0.0,,ZTF18abuzkke
ztf,60109.41440969985,2355414400415015012,1,2355414400415,20.7061,1,2355,0.23119166,16.261642,16.227015,16.2753,0.025886012,0.025055733,0.025073424,0.0088,292.6955997,-4.8754273,0.9128571,t17_f5_c3,0.9999989,16.2676,0.0101,437120104.0,True,True,False,1.2.0,0.0,,ZTF18abuzkke
ztf,60111.40393520007,2357403930415015011,1,2357403930415,19.802511,1,2357,0.17730623,16.347063,16.309649,16.3577,0.036071256,0.03483458,0.034849398,0.0167,292.6955823,-4.8754156,0.8742857,t17_f5_c3,0.99999976,16.3504,0.02,437120104.0,True,True,False,1.2.0,0.0,,ZTF18abuzkke
ztf,60114.365115699824,2360365110415015011,2,2360365110415,20.575768,1,2360,0.2023224,14.141237,14.102612,14.1713,0.024420008,0.023543198,0.023566533,0.0026,292.6955999,-4.8754308,0.82857144,t17_f5_c3,0.99999565,14.1637,0.0027,437120204.0,True,True,False,1.2.0,0.0,,ZTF18abuzkke
ztf,60114.42026619986,2360420260415015006,1,2360420260415,20.672983,1,2360,0.188224,16.518831,16.47513,16.5355,0.028176164,0.027038712,0.027064601,0.0105,292.6955928,-4.8754199,0.91714287,t17_f5_c3,1.0,16.5401,0.0124,437120104.0,True,True,False,1.2.0,0.0,,ZTF18abuzkke
ztf,60117.36767360009,2363367670415015008,2,2363367670415,20.4948,1,2363,0.20117253,14.263029,14.219909,14.2797,0.027474789,0.02637915,0.026405001,0.0028,292.6956018,-4.8754282,0.8057143,t17_f5_c3,0.99997085,14.2741,0.0029,437120204.0,True,True,False,1.2.0,0.0,,ZTF18abuzkke
ztf,60117.43489579996,2363434890415015003,1,2363434890415,20.098082,1,2363,0.29425463,16.690485,16.639473,16.6958,0.03351328,0.031945445,0.031975105,0.0139,292.6955776,-4.8754481,0.8428571,t17_f5_c3,0.9999994,16.6783,0.0165,437120104.0,True,True,False,1.2.0,0.0,,ZTF18abuzkke
ztf,60119.33931710012,2365339310415015009,2,2365339310415,20.553804,1,2365,0.18709533,14.297588,14.253101,14.3392,0.03287959,0.031536624,0.031559613,0.0029,292.6955978,-4.8754262,0.82714283,t17_f5_c3,0.9996143,14.3306,0.003,437120204.0,True,True,False,1.2.0,0.0,,ZTF18abuzkke
ztf,60122.40004630014,2368400040415015009,1,2368400040415,20.62147,1,2368,0.18826671,16.948,16.88373,16.9534,0.03413122,0.032123227,0.032169472,0.0154,292.695597,-4.8754194,0.9242857,t17_f5_c3,0.9999997,16.9487,0.0186,437120104.0,True,True,False,1.2.0,0.0,,ZTF18abuzkke
ztf,60122.44131939998,2368441310415015007,2,2368441310415,20.477125,1,2368,0.22045365,14.438154,14.387659,14.462,0.022673165,0.021599857,0.021642836,0.0031,292.6955986,-4.8754365,0.82714283,t17_f5_c3,0.999997,14.4564,0.0034,437120204.0,True,True,False,1.2.0,0.0,,ZTF18abuzkke
ztf,60124.37876159977,2370378760415015008,1,2370378760415,20.328953,1,2370,0.20307545,17.038095,16.96844,17.0942,0.034989532,0.032762267,0.03281526,0.0202,292.6955783,-4.8754238,0.93714285,t17_f5_c3,1.0,17.0875,0.0247,437120104.0,True,True,False,1.2.0,0.0,,ZTF18abuzkke
ztf,60124.42096060002,2370420960415015009,2,2370420960415,20.37629,1,2370,0.19514126,14.506981,14.453261,14.5386,0.024657192,0.023422185,0.023466913,0.0033,292.6955858,-4.8754267,0.8385714,t17_f5_c3,1.0,14.5332,0.0036,437120204.0,True,True,False,1.2.0,0.0,,ZTF18abuzkke
ztf,60126.378043999895,2372378040415015003,1,2372378040415,19.539263,1,2372,0.20792943,17.107964,17.033833,17.2396,0.046068687,0.042982653,0.04302823,0.046,292.6955922,-4.8754261,0.9514286,t17_f5_c3,0.9999999,17.2723,0.0603,437120104.0,True,True,False,1.2.0,0.0,,ZTF18abuzkke
ztf,60126.443958300166,2372443950415015011,2,2372443950415,20.362799,1,2372,0.17766884,14.558153,14.501907,14.6103,0.04018947,0.038130432,0.038160503,0.0036,292.6955913,-4.8754244,0.8371429,t17_f5_c3,0.9999958,14.6035,0.004,437120204.0,True,True,False,1.2.0,0.0,,ZTF18abuzkke
ztf,60128.35369209992,2374353690415015006,2,2374353690415,19.028347,1,2374,0.22391313,14.677366,14.614778,14.6973,0.029332664,0.027638527,0.027689569,0.0076,292.6956003,-4.8754378,0.8385714,t17_f5_c3,1.0,14.6822,0.0094,437120204.0,True,True,False,1.2.0,0.0,,ZTF18abuzkke
ztf,60128.42184029985,2374421840415015004,1,2374421840415,18.800953,1,2374,0.21696433,17.191725,17.111862,17.2729,0.050361164,0.046741355,0.046789747,0.0861,292.6955858,-4.875425,0.93857145,t17_f5_c3,1.0,17.2436,0.1075,437120104.0,True,True,False,1.2.0,0.0,,ZTF18abuzkke
ztf,60134.35559030017,2380355590415015018,1,2380355590415,20.29134,1,2380,0.20827784,17.670853,17.549097,17.6967,0.051717933,0.046121962,0.046231627,0.0355,292.6955928,-4.8754252,0.9342857,t17_f5_c3,1.0,17.6809,0.0439,437120104.0,True,True,False,1.2.0,0.0,,ZTF18abuzkke
ztf,60134.42343749991,2380423430415015004,2,2380423430415,20.498747,1,2380,0.20981336,14.918939,14.8413,14.9479,0.029335914,0.027232822,0.027311405,0.0043,292.6955953,-4.8754332,0.80285716,t17_f5_c3,0.99999714,14.9416,0.0047,437120204.0,True,True,False,1.2.0,0.0,,ZTF18abuzkke
ztf,60136.36141199991,2382361410415015005,1,2382361410415,20.3938,1,2382,0.23649572,17.776617,17.64314,17.8713,0.049503375,0.04363908,0.04377685,0.0374,292.6955954,-4.8754325,0.95,t17_f5_c3,1.0,17.8954,0.0478,437120104.0,True,True,False,1.2.0,0.0,,ZTF18abuzkke
ztf,60136.40221060021,2382402210415015008,2,2382402210415,20.366083,1,2382,0.1798001,15.023367,14.9381895,15.0523,0.033228375,0.03063769,0.030721197,0.0047,292.6955809,-4.8754254,0.82857144,t17_f5_c3,0.9999791,15.0517,0.0053,437120204.0,True,True,False,1.2.0,0.0,,ZTF18abuzkke
ztf,60138.37495370023,2384374950415015007,2,2384374950415,20.44458,1,2384,0.2003057,15.067957,14.97935,15.1145,0.039613344,0.036433134,0.036508914,0.005,292.6955891,-4.8754305,0.7814286,t17_f5_c3,0.9999538,15.1106,0.0056,437120204.0,True,True,False,1.2.0,0.0,,ZTF18abuzkke
ztf,60140.321411999874,2386321410415015009,1,2386321410415,20.483906,1,2386,0.20898876,17.998047,17.836523,18.0709,0.06023854,0.051745735,0.05191164,0.0409,292.6955874,-4.8754273,0.94142854,t17_f5_c3,1.0,18.0902,0.052,437120104.0,True,True,False,1.2.0,0.0,,ZTF18abuzkke
ztf,60140.37700230023,2386377000415015006,1,2386377000415,20.552038,1,2386,0.20195976,18.011562,17.84816,18.0575,0.050249945,0.04302524,0.04322894,0.0406,292.6955796,-4.8754217,0.94285715,t17_f5_c3,1.0,18.0522,0.0505,437120104.0,True,True,False,1.2.0,0.0,,ZTF18abuzkke
ztf,60143.37711809995,2389377110415015007,2,2389377110415,20.51825,1,2389,0.19690676,15.308746,15.199217,15.3451,0.033739068,0.030365337,0.030501492,0.0055,292.6955927,-4.8754295,0.8385714,t17_f5_c3,0.9999989,15.3441,0.0062,437120204.0,True,True,False,1.2.0,0.0,,ZTF18abuzkke
ztf,60143.40077550011,2389400770415015008,1,2389400770415,20.42317,1,2389,0.1613026,18.219818,18.024805,18.2285,0.06576577,0.054731596,0.054953385,0.0529,292.6956011,-4.8754096,0.9442857,t17_f5_c3,1.0,18.2452,0.0677,437120104.0,True,True,False,1.2.0,0.0,,ZTF18abuzkke
ztf,60145.3114467999,2391311440415015015,2,2391311440415,20.741657,1,2391,0.16137372,15.388096,15.270695,15.4139,0.040483274,0.036203846,0.036334176,0.0054,292.6955936,-4.8754192,0.82,t17_f5_c3,0.99999034,15.4117,0.0059,437120204.0,True,True,False,1.2.0,0.0,,ZTF18abuzkke
ztf,60145.34498840012,2391344980415015011,1,2391344980415,20.8178,1,2391,0.15580687,18.311998,18.101282,18.4705,0.07202594,0.05908362,0.05932016,0.0507,292.6956036,-4.8754073,0.92714286,t17_f5_c3,1.0,18.4778,0.0636,437120104.0,True,True,False,1.2.0,0.0,,ZTF18abuzkke
ztf,60147.273263900075,2393273260415015008,2,2393273260415,20.60477,1,2393,0.21241684,15.430291,15.30849,15.4767,0.034165118,0.030373136,0.030539526,0.0059,292.6955982,-4.8754321,0.8157143,t17_f5_c3,0.99999714,15.4735,0.0066,437120204.0,True,True,False,1.2.0,0.0,,ZTF18abuzkke
ztf,60147.33626159979,2393336260415015006,1,2393336260415,20.463173,1,2393,0.17708004,18.48379,18.240725,18.5338,0.06848281,0.054414745,0.054746453,0.065,292.6955922,-4.8754181,0.94,t17_f5_c3,1.0,18.5378,0.0822,437120104.0,True,True,False,1.2.0,0.0,,ZTF18abuzkke
ztf,60149.353148099966,2395353140415015004,1,2395353140415,20.434683,1,2395,0.21325672,18.569101,18.30838,18.7743,0.068269335,0.053312093,0.053695384,0.0829,292.6955912,-4.8754253,0.93857145,t17_f5_c3,0.9999997,18.8374,0.1111,437120104.0,True,True,False,1.2.0,0.0,,ZTF18abuzkke
ztf,60149.380381899886,2395380380415015008,2,2395380380415,20.642937,1,2395,0.2303343,15.550593,15.415375,15.5863,0.033534903,0.029398886,0.029608028,0.0063,292.6955883,-4.8754406,0.80142856,t17_f5_c3,0.9999912,15.5779,0.0071,437120204.0,True,True,False,1.2.0,0.0,,ZTF18abuzkke
ztf,60151.32239580015,2397322390415015009,1,2397322390415,20.752262,1,2397,0.16421719,18.647396,18.36948,18.8344,0.06855436,0.052638154,0.05307237,0.0733,292.6955921,-4.875412,0.94,t17_f5_c3,0.9999999,18.7832,0.0879,437120104.0,True,True,False,1.2.0,0.0,,ZTF18abuzkke
ztf,60153.253564800136,2399253560415015003,2,2399253560415,20.023815,1,2399,0.18220682,15.659505,15.510953,15.7303,0.036693748,0.031770814,0.03200158,0.0094,292.6955927,-4.8754254,0.8685714,t17_f5_c3,1.0,15.7388,0.0114,437120204.0,True,True,False,1.2.0,0.0,,ZTF18abuzkke
ztf,60153.40219909977,2399402190415015006,1,2399402190415,20.162472,1,2399,0.3557878,18.7866,18.47565,18.8703,0.07815278,0.058212575,0.058690034,0.1164,292.6955937,-4.8754661,0.95857143,t17_f5_c3,1.0,18.8598,0.1468,437120104.0,True,True,False,1.2.0,0.0,,ZTF18abuzkke
ztf,60156.213368100114,2402213360415015002,1,2402213360415,19.069094,1,2402,0.07705868,18.90317,18.561998,18.7198,0.1649209,0.120178156,0.12045011,0.31,292.6956115,-4.87537,0.8257143,t17_f5_c3,0.99999976,18.6433,0.3714,437120104.0,True,True,False,1.2.0,0.0,,ZTF18abuzkke
ztf,60156.394548600074,2402394540415015002,2,2402394540415,18.84067,1,2402,0.18242466,15.813226,15.643761,15.8455,0.039368607,0.033399165,0.033679366,0.0269,292.695591,-4.8754272,0.86714286,t17_f5_c3,1.0,15.859,0.0347,437120204.0,True,True,False,1.2.0,0.0,,ZTF18abuzkke
ztf,60160.25086810021,2406250860415015008,2,2406250860415,19.99543,1,2406,0.16471972,15.923305,15.737225,15.953,0.03922641,0.032708578,0.033048112,0.0112,292.6955979,-4.8754192,0.9028571,t17_f5_c3,1.0,15.9496,0.0136,437120204.0,True,True,False,1.2.0,0.0,,ZTF18abuzkke
ztf,60162.212233799975,2408212230415015009,1,2408212230415,20.421812,1,2408,0.21444626,19.275015,18.820404,19.5049,0.08751841,0.05665571,0.057577793,0.1583,292.6955825,-4.8754259,0.93,t17_f5_c3,1.0,19.4609,0.1933,437120104.0,True,True,False,1.2.0,0.0,,ZTF18abuzkke
ztf,60162.316689800005,2408316680415015005,2,2408316680415,20.38669,1,2408,0.18685576,15.995525,15.797747,16.0371,0.045314994,0.037436686,0.037768573,0.0096,292.6955952,-4.8754267,0.8485714,t17_f5_c3,0.99999976,16.0333,0.0114,437120204.0,True,True,False,1.2.0,0.0,,ZTF18abuzkke
ztf,60165.229282400105,2411229280415015011,2,2411229280415,20.602688,1,2411,0.19068228,16.12162,15.9018,16.1409,0.032859825,0.026267895,0.026837204,0.0094,292.6956036,-4.8754267,0.8585714,t17_f5_c3,0.9999999,16.1535,0.0111,437120204.0,True,True,False,1.2.0,0.0,,ZTF18abuzkke
ztf,60165.314652800094,2411314650415015004,1,2411314650415,20.338608,1,2411,0.29392838,19.409979,18.907284,19.5147,0.12293746,0.07657305,0.07737601,0.1744,292.6955636,-4.8754467,0.89285713,t17_f5_c3,0.9999999,19.5152,0.2222,437120104.0,True,True,False,1.2.0,0.0,,ZTF18abuzkke
ztf,60169.294432899915,2415294430415015005,2,2415294430415,20.634186,1,2415,0.19502741,16.243694,16.000448,16.288,0.04749513,0.037481554,0.03796215,0.0102,292.6955953,-4.875431,0.84,t17_f5_c3,0.9999973,16.2837,0.0119,437120204.0,True,True,False,1.2.0,0.0,,ZTF18abuzkke
ztf,60169.294432899915,2415294430415025005,2,2415294430415,20.6342,1,2415,0.195027,16.2437,16.000454,16.288,0.047495,0.037481405,0.037962005,0.0102,292.6955953,-4.875431,0.84,t17_f5_c3,,16.2837,0.0119,,False,True,False,1.2.0,0.0,2.425233870415015e+18,ZTF18abuzkke
ztf,60171.32174770022,2417321740415015009,1,2417321740415,20.53361,1,2417,0.31917426,19.732607,19.098911,20.0364,0.13576807,0.07456841,0.07573897,0.2492,292.6956114,-4.8754533,0.85571426,t17_f5_c3,1.0,19.8232,0.2608,437120104.0,True,True,False,1.2.0,0.0,,ZTF18abuzkke
ztf,60171.36697919993,2417366970415015008,2,2417366970415,20.2402,1,2417,0.15995993,16.268728,16.02041,16.3531,0.04809018,0.03776385,0.03825865,0.0133,292.6955785,-4.8754199,0.9,t17_f5_c3,1.0,16.3635,0.0162,437120204.0,True,True,False,1.2.0,0.0,,ZTF18abuzkke
ztf,60174.25664350018,2420256640415015004,2,2420256640415,20.187397,1,2420,0.23799136,16.386843,16.113312,16.4612,0.03995453,0.030329416,0.031056562,0.0141,292.6955868,-4.8754422,0.87857145,t17_f5_c3,0.9999999,16.4511,0.017,437120204.0,True,True,False,1.2.0,0.0,,ZTF18abuzkke
ztf,60174.30517360009,2420305170415015006,1,2420305170415,20.1248,1,2420,0.292671,19.8484,19.161978,20.1083,0.234068,0.12358963,0.12438655,0.3182,292.6956028,-4.8754483,0.795714,t17_f5_c3,,20.1215,0.4112,,False,True,False,1.2.0,0.0,2.425233870415015e+18,ZTF18abuzkke
ztf,60179.23387729982,2425233870415015003,2,2425233870415,20.537687,1,2425,0.17246728,16.556652,16.242939,16.6096,0.037516654,0.027074944,0.028102098,0.0138,292.6955991,-4.8754215,0.88857144,t17_f5_c3,0.99999994,16.626,0.0167,437120204.0,True,True,False,1.2.0,0.0,,ZTF18abuzkke
ztf,60181.23276619986,2427232760415015004,2,2427232760415,20.01033,1,2427,0.20348212,16.642466,16.306572,16.6951,0.038326655,0.026971797,0.028128304,0.02,292.6955762,-4.8754321,0.92,t17_f5_c3,1.0,16.6913,0.0247,437120204.0,True,True,False,1.2.0,0.0,,ZTF18abuzkke
ztf,60183.19251159998,2429192510415015004,2,2429192510415,19.88243,1,2429,0.20370008,16.676182,16.331215,16.7537,0.043326654,0.03045751,0.0315332,0.0244,292.6956074,-4.8754278,0.93142855,t17_f5_c3,1.0,16.7387,0.0302,437120204.0,True,True,False,1.2.0,0.0,,ZTF18abuzkke
ztf,60185.2104282002,2431210420415015001,2,2431210420415,19.46627,1,2431,0.272373,16.729807,16.369978,16.8424,0.060736526,0.042774074,0.043603208,0.0351,292.6955876,-4.8754519,0.9042857,t17_f5_c3,1.0,16.8374,0.0443,437120204.0,True,True,False,1.2.0,0.0,,ZTF18abuzkke
ztf,60187.21206020005,2433212060415015001,2,2433212060415,19.722336,1,2433,0.23028955,16.847286,16.45301,16.975,0.047564633,0.03179424,0.033080634,0.0376,292.6955858,-4.87544,0.81857145,t17_f5_c3,1.0,16.921,0.0453,437120204.0,True,True,False,1.2.0,0.0,,ZTF18abuzkke
ztf,60193.29821760021,2439298210415015010,2,2439298210415,20.041018,1,2439,0.21980803,17.029737,16.576588,17.0196,0.04147942,0.02533595,0.027325789,0.0256,292.6955807,-4.8754385,0.9242857,t17_f5_c3,1.0,16.9839,0.0309,437120204.0,True,True,False,1.2.0,0.0,,ZTF18abuzkke
ztf,60195.21064809989,2441210640415015006,2,2441210640415,20.43899,1,2441,0.24929069,17.108412,16.627771,17.1365,0.048704684,0.029385444,0.031283434,0.0231,292.6956094,-4.87544,0.92,t17_f5_c3,0.99999857,17.129,0.028,437120204.0,True,True,False,1.2.1,0.0,,ZTF18abuzkke
ztf,60195.21064809989,2441210640415025006,2,2441210640415,20.439,1,2441,0.249291,17.1084,16.627764,17.1365,0.048705,0.029385813,0.031283755,0.0231,292.6956094,-4.87544,0.92,t17_f5_c3,,17.129,0.028,,False,True,False,1.2.1,0.0,2.444187190415015e+18,ZTF18abuzkke
ztf,60198.18719909992,2444187190415015006,2,2444187190415,20.40939,1,2444,0.1589226,17.147348,16.65262,17.2169,0.061503656,0.03741752,0.038995035,0.0255,292.6955992,-4.875416,0.8685714,t17_f5_c3,0.9999999,17.2547,0.0324,437120204.0,True,True,False,1.2.1,0.0,,ZTF18abuzkke
ztf,60204.17016200023,2450170160415015006,2,2450170160415,20.83076,1,2450,0.15769339,17.424738,16.8201,17.513,0.056381337,0.029657364,0.032305803,0.0245,292.6955884,-4.8754199,0.8542857,t17_f5_c3,0.9999994,17.5197,0.0295,437120204.0,True,True,False,1.2.1,0.0,,ZTF18abuzkke
ztf,60206.169375000056,2452169370415015004,2,2452169370415,20.560867,1,2452,0.17878594,17.480911,16.85193,17.4933,0.05207338,0.026023366,0.029175863,0.0284,292.6955906,-4.8754267,0.9,t17_f5_c3,1.0,17.5274,0.0359,437120204.0,True,True,False,1.2.1,0.0,,ZTF18abuzkke
ztf,60209.20406250004,2455204060415015002,2,2455204060415,17.882439,1,2455,0.36029735,17.652412,16.944666,17.5943,0.13289562,0.06774184,0.06924874,0.2598,292.6955757,-4.8754764,0.79714286,t17_f5_c3,0.99999523,17.681,0.3608,437120204.0,True,True,False,1.2.1,0.0,,ZTF18abuzkke
ztf,60209.20406250004,2455204060415025002,2,2455204060415,17.8824,1,2455,0.360297,17.6524,16.944658,17.5943,0.132896,0.06774249,0.069249354,0.2598,292.6955757,-4.8754764,0.797143,t17_f5_c3,,17.681,0.3608,,False,True,False,1.2.1,0.0,2.458259170415015e+18,ZTF18abuzkke
ztf,60212.259178199805,2458259170415015006,2,2458259170415,19.664297,1,2458,0.17596267,17.621656,16.92853,17.6374,0.05418794,0.024872737,0.02861886,0.0653,292.6955847,-4.8754256,0.9185714,t17_f5_c3,1.0,17.6463,0.0838,437120204.0,True,True,False,1.2.1,0.0,,ZTF18abuzkke
ztf,60214.19298609998,2460192980415015007,2,2460192980415,19.739077,1,2460,0.15700231,17.616058,16.92557,17.6886,0.06931495,0.03387301,0.0366971,0.064,292.6955737,-4.8754182,0.92714286,t17_f5_c3,1.0,17.6525,0.0787,437120204.0,True,True,False,1.2.1,0.0,,ZTF18abuzkke
ztf,60216.13045139983,2462130450415015007,2,2462130450415,20.055119,1,2462,0.17093626,17.699293,16.968842,17.6718,0.07257867,0.033997934,0.037036356,0.0527,292.6955801,-4.8754223,0.7657143,t17_f5_c3,0.99999547,17.6572,0.0657,437120204.0,True,True,False,1.2.1,0.0,,ZTF18abuzkke
ztf,60222.1266319002,2468126630415015010,2,2468126630415,19.967157,1,2468,0.25358188,17.69316,16.965706,17.749,0.05946327,0.026669271,0.03042761,0.0467,292.695588,-4.8754466,0.93142855,t17_f5_c3,1.0,17.7714,0.0598,437120204.0,True,True,False,1.2.1,0.0,,ZTF18abuzkke
ztf,60222.1266319002,2468126630415025010,2,2468126630415,19.9672,1,2468,0.253582,17.6932,16.965727,17.749,0.059463,0.026668338,0.030426925,0.0467,292.695588,-4.8754466,0.931429,t17_f5_c3,,17.7714,0.0598,,False,True,False,1.2.1,0.0,2.470169790415015e+18,ZTF18abuzkke
ztf,60224.16979169985,2470169790415015012,2,2470169790415,20.447197,1,2470,0.24320622,17.751091,16.994965,17.7627,0.06444084,0.028371003,0.032115195,0.0393,292.6955994,-4.8754408,0.87857145,t17_f5_c3,1.0,17.7488,0.0481,437120204.0,True,True,False,1.2.1,0.0,,ZTF18abuzkke
ztf,60228.14890050003,2474148900415015007,2,2474148900415,19.804611,1,2474,0.42339692,17.758833,16.998816,17.8203,0.06324729,0.02753824,0.03140763,0.0459,292.6955719,-4.8754904,0.73285717,t17_f5_c3,0.99999994,17.809,0.0568,437120204.0,True,True,False,1.2.1,0.0,,ZTF18abuzkke
ztf,60233.14429400023,2479144290415015011,2,2479144290415,19.760464,1,2479,0.34628552,17.684357,16.961193,17.7461,0.070386976,0.033086624,0.036159888,0.0499,292.6955466,-4.8754618,0.8414286,t17_f5_c3,1.0,17.7038,0.0605,437120204.0,True,True,False,1.2.1,0.0,,ZTF18abuzkke
ztf,60237.1492130002,2483149210415015008,2,2483149210415,19.960625,1,2483,0.17165856,17.651646,16.944265,17.7088,0.06309267,0.029585287,0.03288721,0.0523,292.6955762,-4.8754251,0.91,t17_f5_c3,1.0,17.7459,0.0682,437120204.0,True,True,False,1.2.1,0.0,,ZTF18abuzkke
ztf,60239.12371530011,2485123710415015004,2,2485123710415,20.143543,1,2485,0.23054354,17.48978,16.856892,17.5023,0.065346874,0.033989202,0.03648121,0.0394,292.6955913,-4.8754396,0.92142856,t17_f5_c3,0.9999999,17.4377,0.0467,437120204.0,True,True,False,1.2.1,0.0,,ZTF18abuzkke
ztf,60245.1513772998,2491151370415015012,2,2491151370415,19.44221,1,2491,0.1893333,17.37174,16.789417,17.3559,0.053368956,0.028622942,0.03121475,0.0571,292.6955726,-4.8754278,0.93,t17_f5_c3,1.0,17.3069,0.0695,437120204.0,True,True,False,1.2.1,0.0,,ZTF18abuzkke
ztf,60249.1533102002,2495153310415015005,2,2495153310415,18.936932,1,2495,0.25768024,17.191462,16.68038,17.1972,0.055987496,0.033103235,0.034966994,0.0645,292.6955597,-4.8754436,0.8757143,t17_f5_c3,1.0,17.1252,0.077,437120204.0,True,True,False,1.2.1,0.0,,ZTF18abuzkke
ztf,60251.18567130016,2497185670415015005,2,2497185670415,19.384485,1,2497,0.48580155,17.082483,16.611046,17.1063,0.04526192,0.027349288,0.0293196,0.0385,292.6955368,-4.8755036,0.8542857,t17_f5_c3,1.0,17.0428,0.0459,437120204.0,True,True,False,1.2.1,0.0,,ZTF18abuzkke
ztf,60253.12842589989,2499128420415015004,2,2499128420415,19.997559,1,2499,0.2734446,17.05791,16.595066,17.1099,0.062485795,0.039447334,0.04079839,0.029,292.6955664,-4.8754481,0.9242857,t17_f5_c3,1.0,17.0692,0.0349,437120204.0,True,True,False,1.2.1,0.0,,ZTF18abuzkke
ztf,60255.12831019983,2501128310415015008,2,2501128310415,19.92297,1,2501,0.17544708,17.047432,16.588211,17.0103,0.046245698,0.028474249,0.03029586,0.0281,292.6955742,-4.8754224,0.9,t17_f5_c3,1.0,17.0045,0.035,437120204.0,True,True,False,1.2.1,0.0,,ZTF18abuzkke
ztf,60258.10969909979,2504109690415015002,2,2504109690415,18.999817,1,2504,0.2945374,16.901579,16.49048,16.9604,0.04433649,0.028851299,0.030361423,0.0549,292.6955514,-4.8754514,0.93,t17_f5_c3,1.0,17.0106,0.0732,437120204.0,True,True,False,1.2.1,0.0,,ZTF18abuzkke
ztf,60261.11438659998,2507114380415015005,2,2507114380415,19.761845,1,2507,0.26726988,16.815659,16.430916,16.805,0.04049394,0.026964482,0.028411439,0.0258,292.6955681,-4.8754488,0.93,t17_f5_c3,1.0,16.8076,0.0324,437120204.0,True,True,False,1.2.1,0.0,,ZTF18abuzkke
ztf,60268.13472220022,2514134720415015006,2,2514134720415,19.0962,1,2514,0.36105296,16.47978,16.184853,16.5303,0.029951721,0.02168298,0.022827085,0.026,292.6955659,-4.8754753,0.7842857,t17_f5_c3,0.99999964,16.514,0.0323,437120204.0,True,True,False,1.2.1,0.0,,ZTF18abuzkke
ztf,60354.56587960012,2600565870415015005,2,2600565870415,18.502523,1,2600,0.24100253,12.582518,12.573201,12.6033,0.020915616,0.020735322,0.020736905,0.0019,292.6956137,-4.8754365,0.7157143,t17_f5_c3,0.9785992,12.5929,0.0022,437120204.0,True,True,False,23.12.x,0.0,,ZTF18abuzkke
ztf,60354.566342600156,2600566340415015008,2,2600566340415,18.490582,1,2600,0.26732025,12.572972,12.563737,12.5896,0.016417637,0.016276592,0.016278576,0.0019,292.6956256,-4.8754371,0.68,t17_f5_c3,0.9999807,12.5809,0.0023,437120204.0,True,True,False,23.12.x,0.0,,ZTF18abuzkke
ztf,60354.56681710016,2600566810415015010,2,2600566810415,18.427666,1,2600,0.19507247,12.556705,12.547606,12.5695,0.023057558,0.022863764,0.022865135,0.002,292.6955936,-4.8754294,0.69142854,t17_f5_c3,0.9992653,12.5581,0.0023,437120204.0,True,True,False,23.12.x,0.0,,ZTF18abuzkke
ztf,60355.564999999944,2601565000415015004,2,2601565000415,18.953096,1,2601,0.2713231,12.561674,12.552534,12.5868,0.023567837,0.023368908,0.02337026,0.0015,292.6956124,-4.8754484,0.68,t17_f5_c3,0.91201496,12.5726,0.0016,437120204.0,True,True,False,23.12.x,0.0,,ZTF18abuzkke
ztf,60355.56547449995,2601565470415015005,2,2601565470415,19.062214,1,2601,0.27118596,12.583826,12.574498,12.5983,0.020332139,0.020156572,0.020158205,0.0015,292.6956104,-4.8754471,0.7285714,t17_f5_c3,0.9998715,12.5886,0.0017,437120204.0,True,True,False,23.12.x,0.0,,ZTF18abuzkke
ztf,60355.56594910007,2601565940415015004,2,2601565940415,18.89215,1,2601,0.32347682,12.547331,12.53831,12.5765,0.023832625,0.023634126,0.02363543,0.0015,292.6956224,-4.8754581,0.6842857,t17_f5_c3,0.97505987,12.5613,0.0017,437120204.0,True,True,False,23.12.x,0.0,,ZTF18abuzkke
ztf,60356.56504630018,2602565040415015006,2,2602565040415,18.831078,1,2602,0.24472226,12.612526,12.602949,12.6265,0.019224707,0.019054059,0.01905588,0.0017,292.695619,-4.875434,0.68857145,t17_f5_c3,0.99916875,12.6174,0.0019,437120204.0,True,True,False,23.12.x,0.0,,ZTF18abuzkke
ztf,60356.56550930021,2602565500415015030,2,2602565500415,18.797,1,2602,0.26926523,12.625403,12.615713,12.6415,0.021526204,0.021333266,0.021334931,0.0017,292.6956128,-4.8754441,0.5371429,t17_f5_c3,0.99991393,12.6314,0.002,437120204.0,True,True,False,23.12.x,0.0,,ZTF18abuzkke
ztf,60357.56130790012,2603561300415015005,2,2603561300415,19.255915,1,2603,0.27691895,12.634073,12.624306,12.6536,0.023091849,0.022883456,0.022885034,0.0014,292.6956052,-4.8754474,0.7157143,t17_f5_c3,0.99964523,12.6461,0.0016,437120204.0,True,True,False,23.12.x,0.0,,ZTF18abuzkke
ztf,60357.561782400124,2603561780415015003,2,2603561780415,19.263771,1,2603,0.24637467,12.623768,12.614092,12.6412,0.027588991,0.027342917,0.027344214,0.0015,292.6956334,-4.8754244,0.73,t17_f5_c3,0.9998759,12.6352,0.0016,437120204.0,True,True,False,23.12.x,0.0,,ZTF18abuzkke
ztf,60357.56224540016,2603562240415015005,2,2603562240415,19.208754,1,2603,0.23491079,12.60389,12.594389,12.63,0.03385947,0.033563443,0.03356446,0.0015,292.6956235,-4.875428,0.73,t17_f5_c3,0.99996483,12.6223,0.0016,437120204.0,True,True,False,23.12.x,0.0,,ZTF18abuzkke
ztf,60392.500798599795,2638500790415015002,1,2638500790415,18.345324,1,2638,0.3735619,16.429886,16.389559,16.4252,0.04462413,0.042983193,0.04299711,0.0488,292.6956039,-4.8754703,0.87714285,t17_f5_c3,0.9999999,16.3728,0.0594,437120104.0,True,True,False,23.12.x,0.0,,ZTF18abuzkke
ztf,60398.472661999986,2644472660415015006,2,2644472660415,19.130474,1,2644,0.26250908,14.168427,14.12884,14.2393,0.026022153,0.025067443,0.025090445,0.0039,292.6956125,-4.8754436,0.70428574,t17_f5_c3,0.99417996,14.2187,0.0045,437120204.0,True,True,False,23.12.x,0.0,,ZTF18abuzkke
ztf,60404.476458299905,2650476450415015011,2,2650476450415,20.199858,1,2650,0.24501993,14.508788,14.454982,14.5474,0.031346697,0.029795812,0.029831097,0.0036,292.6956107,-4.8754373,0.84,t17_f5_c3,0.9999939,14.543,0.0039,437120204.0,True,True,False,23.12.x,0.0,,ZTF18abuzkke
ztf,60404.476458299905,2650476450415025011,2,2650476450415,20.1999,1,2650,0.24502,14.5088,14.454992,14.5474,0.031347,0.029796084,0.029831368,0.0036,292.6956107,-4.8754373,0.84,t17_f5_c3,,14.543,0.0039,,False,True,False,24.4.1,0.0,2.679464900415015e+18,ZTF18abuzkke
ztf,60408.44864579989,2654448640415015010,2,2654448640415,20.04368,1,2654,0.2721255,14.715616,14.650849,14.7404,0.033540856,0.031550772,0.031598564,0.0044,292.6956013,-4.8754499,0.85142857,t17_f5_c3,0.99999744,14.7338,0.005,437120204.0,True,True,False,23.12.x,0.0,,ZTF18abuzkke
ztf,60408.44864579989,2654448640415025010,2,2654448640415,20.0437,1,2654,0.272126,14.7156,14.650834,14.7404,0.033541,0.03155094,0.031598732,0.0044,292.6956013,-4.8754499,0.851429,t17_f5_c3,,14.7338,0.005,,False,True,False,24.4.1,0.0,2.679464900415015e+18,ZTF18abuzkke
ztf,60421.422557900194,2667422550415015009,2,2667422550415,19.781525,1,2667,0.2310176,15.307968,15.198513,15.3591,0.032106224,0.028884415,0.029027332,0.0085,292.6956112,-4.8754345,0.88,t17_f5_c3,1.0,15.3628,0.0103,437120204.0,True,True,False,24.4.1,0.0,,ZTF18abuzkke
ztf,60421.463391200174,2667463390415015006,1,2667463390415,19.758738,1,2667,0.2635721,18.35108,18.133366,18.4245,0.0673824,0.054869175,0.055139266,0.1127,292.6955881,-4.8754427,0.95285714,t17_f5_c3,1.0,18.4241,0.144,437120104.0,True,True,False,24.4.1,0.0,,ZTF18abuzkke
ztf,60424.45972219994,2670459720415015002,1,2670459720415,18.923088,1,2670,0.20504628,18.516657,18.26692,19.1043,0.14727893,0.1168537,0.11701618,0.3459,292.6955516,-4.8754107,0.67,t17_f5_c3,0.9999006,18.9132,0.3726,437120104.0,True,True,False,24.4.1,0.0,,ZTF18abuzkke
ztf,60430.39616899984,2676396160415025005,2,2676396160415,19.78778,1,2676,0.24385722,15.728938,15.571257,15.765,0.038123436,0.032719675,0.032970026,0.0115,292.6956143,-4.8754364,0.9,t17_f5_c3,1.0,15.7603,0.014,437120204.0,True,True,False,24.4.1,0.0,,ZTF18abuzkke
ztf,60430.47951389989,2676479510415015005,1,2676479510415,19.85946,1,2676,0.2760913,18.934578,18.584848,18.9999,0.105095156,0.07570417,0.07615362,0.1672,292.6956284,-4.875434,0.91714287,t17_f5_c3,0.9999999,19.0312,0.2201,437120104.0,True,True,False,24.4.1,0.0,,ZTF18abuzkke
ztf,60433.440520800184,2679440520415015010,2,2679440520415,20.730455,1,2679,0.21511354,15.878768,15.699583,15.9204,0.04520674,0.038056437,0.038329147,0.0077,292.6956034,-4.8754328,0.8371429,t17_f5_c3,0.9999943,15.9149,0.0087,437120204.0,True,True,False,24.4.1,0.0,,ZTF18abuzkke
ztf,60433.464907399844,2679464900415015008,1,2679464900415,20.82242,1,2679,0.20969911,19.055779,18.671299,19.2439,0.09097203,0.06321351,0.06384343,0.0998,292.6955837,-4.8754269,0.95,t17_f5_c3,0.9999925,19.2026,0.1207,437120104.0,True,True,False,24.4.1,0.0,,ZTF18abuzkke
ztf,60440.416759300046,2686416750415015011,2,2686416750415,20.380724,1,2686,0.19688606,16.181156,15.950177,16.2044,0.034476843,0.027270533,0.02786993,0.0108,292.6956087,-4.8754272,0.9028571,t17_f5_c3,1.0,16.2014,0.0128,437120204.0,True,True,False,24.4.1,0.0,,ZTF18abuzkke
ztf,60442.4598842999,2688459880415015011,1,2688459880415,20.566353,1,2688,0.15459262,19.802103,19.13713,20.3225,0.1478394,0.07894438,0.080131084,0.2976,292.6956082,-4.8754059,0.8528572,t17_f5_c3,0.9999994,20.3693,0.3953,437120104.0,True,True,False,24.4.1,0.0,,ZTF18abuzkke
ztf,60442.49009260023,2688490090415015009,2,2688490090415,20.241674,1,2688,0.17785165,16.270515,16.021833,16.3189,0.035696287,0.027716791,0.028388996,0.0131,292.695595,-4.8754235,0.9185714,t17_f5_c3,0.99999917,16.3081,0.0157,437120204.0,True,True,False,24.4.1,0.0,,ZTF18abuzkke
ztf,60446.41828700015,2692418280415015008,1,2692418280415,20.59715,1,2692,0.16893938,20.013098,19.246384,20.1419,0.15903,0.07700145,0.0784862,0.2479,292.6956149,-4.8754079,0.88857144,t17_f5_c3,0.9999937,19.9862,0.2729,437120104.0,True,True,False,24.4.1,0.0,,ZTF18abuzkke
ztf,60448.40203699982,2694402030415015004,2,2694402030415,18.21864,1,2694,0.13865335,16.61037,16.282925,16.4671,0.05656162,0.041099768,0.04183537,0.0735,292.6955948,-4.8754147,0.83,t17_f5_c3,1.0,16.4869,0.0952,437120204.0,True,True,False,24.4.1,0.0,,ZTF18abuzkke
ztf,60448.43922450021,2694439220415015016,1,2694439220415,20.4527,1,2694,0.309589,20.2014,19.335243,21.1313,0.209389,0.092842445,0.09429547,0.7143,292.6955262,-4.8754264,0.698571,t17_f5_c3,,20.6674,0.5943,,False,True,False,24.5.1,0.0,2.722338110415015e+18,ZTF18abuzkke
ztf,60450.3988541998,2696398850415015008,2,2696398850415,19.504038,1,2696,0.3469901,16.615835,16.286964,16.6394,0.037421282,0.02650698,0.027642054,0.0219,292.6956142,-4.8754682,0.76285714,t17_f5_c3,1.0,16.6074,0.0266,437120204.0,True,True,False,24.4.1,0.0,,ZTF18abuzkke
ztf,60452.40123840002,2698401230415015009,2,2698401230415,19.474981,1,2698,0.20160958,16.695726,16.345404,16.7309,0.044624988,0.031241419,0.03231834,0.0343,292.6956108,-4.8754272,0.9,t17_f5_c3,1.0,16.7525,0.0443,437120204.0,True,True,False,24.4.1,0.0,,ZTF18abuzkke
ztf,60457.37925929995,2703379250415015004,2,2703379250415,19.46697,1,2703,0.22567251,16.93224,16.511383,17.084,0.04474638,0.028797286,0.03036795,0.0458,292.6956107,-4.8754315,0.9257143,t17_f5_c3,1.0,17.107,0.0596,437120204.0,True,True,False,24.4.1,0.0,,ZTF18abuzkke
ztf,60461.39778940007,2707397780415015007,2,2707397780415,20.681906,1,2707,0.18887302,17.084188,16.61215,17.1442,0.04450348,0.026800536,0.028812349,0.0202,292.6956049,-4.8754238,0.88714284,t17_f5_c3,0.9999459,17.1505,0.0244,437120204.0,True,True,False,24.5.1,0.0,,ZTF18abuzkke
ztf,60461.39778940007,2707397780415025007,2,2707397780415,20.6819,1,2707,0.188873,17.0842,16.612158,17.1442,0.044503,0.026800057,0.028811932,0.0202,292.6956049,-4.8754238,0.887143,t17_f5_c3,,17.1505,0.0244,,False,True,False,24.5.1,0.0,2.737395210415015e+18,ZTF18abuzkke
ztf,60463.40013890015,2709400130415015008,2,2709400130415,20.492092,1,2709,0.2298583,17.174921,16.67002,17.2391,0.04136505,0.023464814,0.025982028,0.0229,292.6956108,-4.8754339,0.93714285,t17_f5_c3,1.0,17.2245,0.0275,437120204.0,True,True,False,24.5.1,0.0,,ZTF18abuzkke
ztf,60469.37879629992,2715378790415015004,2,2715378790415,20.290428,1,2715,0.21467447,17.423542,16.819416,17.477,0.054695915,0.028622122,0.03135482,0.0312,292.6956259,-4.8754179,0.93285716,t17_f5_c3,0.9999999,17.4866,0.0388,437120204.0,True,True,False,24.5.1,0.0,,ZTF18abuzkke
ztf,60473.37783560017,2719377830415015008,2,2719377830415,20.623709,1,2719,0.24664195,17.588966,16.911142,17.6771,0.04907787,0.022293177,0.02628793,0.0311,292.695619,-4.8754349,0.9285714,t17_f5_c3,1.0,17.6938,0.0384,437120204.0,True,True,False,24.5.1,0.0,,ZTF18abuzkke
ztf,60476.338113400154,2722338110415015008,2,2722338110415,20.20547,1,2722,0.20628221,17.741508,16.99018,17.7343,0.06267093,0.027562318,0.03137141,0.0428,292.6955983,-4.8754318,0.93,t17_f5_c3,1.0,17.7258,0.053,437120204.0,True,True,False,24.5.1,0.0,,ZTF18abuzkke
ztf,60479.356898100115,2725356890415015005,2,2725356890415,20.051838,1,2725,0.24928473,17.854086,17.045073,17.8323,0.068972036,0.028696395,0.03273919,0.0529,292.6956103,-4.8754411,0.93142855,t17_f5_c3,1.0,17.8588,0.0681,437120204.0,True,True,False,24.5.1,0.0,,ZTF18abuzkke
ztf,60484.33329859981,2730333290415015006,2,2730333290415,19.377352,1,2730,0.19753566,18.064337,17.139822,17.9851,0.09747559,0.037878737,0.04159966,0.1196,292.6956138,-4.8754225,0.9028571,t17_f5_c3,0.9999989,18.0922,0.1688,437120204.0,True,True,False,24.5.1,0.0,,ZTF18abuzkke
ztf,60487.40060190018,2733400600415015008,2,2733400600415,19.994537,1,2733,0.25593737,18.1908,17.192001,18.2324,0.068464704,0.020469053,0.02728648,0.0855,292.6955809,-4.8754462,0.9357143,t17_f5_c3,1.0,18.2435,0.1095,437120204.0,True,True,False,24.5.1,0.0,,ZTF18abuzkke
ztf,60489.37129630009,2735371290415015010,2,2735371290415,19.99103,1,2735,0.33576238,18.244343,17.213026,18.3529,0.0684005,0.019013701,0.026456505,0.0783,292.695601,-4.875469,0.92285717,t17_f5_c3,1.0,18.3188,0.0956,437120204.0,True,True,False,24.5.1,0.0,,ZTF18abuzkke
ztf,60491.39521990018,2737395210415015010,2,2737395210415,20.682518,1,2737,0.1495067,18.335714,17.247461,18.4027,0.08409933,0.024334533,0.03086678,0.0581,292.6955828,-4.8754182,0.7771429,t17_f5_c3,0.99999934,18.3963,0.0713,437120204.0,True,True,False,24.5.1,0.0,,ZTF18abuzkke
ztf,60499.29399310006,2745293990415015005,2,2745293990415,20.134895,1,2745,0.16041735,18.433582,17.282366,18.6482,0.09815441,0.027769914,0.033995625,0.0936,292.6955971,-4.8754197,0.9257143,t17_f5_c3,0.9999999,18.5846,0.1108,437120204.0,True,True,False,24.5.1,0.0,,ZTF18abuzkke
ztf,60501.328645799775,2747328640415015007,2,2747328640415,20.485474,1,2747,0.17179576,18.510511,17.308397,18.5621,0.09326322,0.023379257,0.030822273,0.0758,292.6956086,-4.8754149,0.9071429,t17_f5_c3,1.0,18.6376,0.1013,437120204.0,True,True,False,24.5.1,0.0,,ZTF18abuzkke
ztf,60501.38057869999,2747380570415010019,1,2747380570415,20.2877,-1,2747,0.085307,20.4923,21.054941,19.8557,0.221521,0.36315164,0.3719389,0.2427,292.6955845,-4.8753894,0.62,t17_f5_c3,,19.841,0.306,,False,True,False,24.5.1,0.0,2.777253140415015e+18,ZTF18abuzkke
ztf,60505.37876159977,2751378760415015006,2,2751378760415,20.682972,1,2751,0.14332287,18.504158,17.306293,18.6567,0.079385646,0.01708421,0.026338806,0.076,292.695561,-4.8754094,0.7728571,t17_f5_c3,0.9997151,18.6822,0.0961,437120204.0,True,True,False,24.5.1,0.0,,ZTF18abuzkke
ztf,60508.31605320005,2754316050415015008,2,2754316050415,19.627026,1,2754,0.19770476,18.488733,17.301151,18.6246,0.095805794,0.02513251,0.032089207,0.1435,292.6955732,-4.8754303,0.92714286,t17_f5_c3,1.0,18.7532,0.2056,437120204.0,True,True,False,24.5.1,0.0,,ZTF18abuzkke
ztf,60510.336967600044,2756336960415015003,2,2756336960415,19.610151,1,2756,0.19759603,18.406324,17.272846,18.362,0.0906628,0.025316386,0.03191818,0.1407,292.6955575,-4.8754232,0.9185714,t17_f5_c3,1.0,18.4825,0.2006,437120204.0,True,True,False,24.5.1,0.0,,ZTF18abuzkke
ztf,60514.31812500022,2760318120415015003,2,2760318120415,19.419287,1,2760,0.2780234,18.273087,17.224054,18.4154,0.09268968,0.029977903,0.03527103,0.1765,292.695596,-4.8754528,0.8842857,t17_f5_c3,1.0,18.3514,0.213,437120204.0,True,True,False,24.5.1,0.0,,ZTF18abuzkke
ztf,60516.374247699976,2762374240415015005,2,2762374240415,19.688107,1,2762,0.18529972,18.199217,17.195349,18.3839,0.08169656,0.02688337,0.032408316,0.1331,292.6955708,-4.8754257,0.9,t17_f5_c3,0.99999994,18.4484,0.1801,437120204.0,True,True,False,24.5.1,0.0,,ZTF18abuzkke
ztf,60519.29412040021,2765294120415015011,2,2765294120415,20.477402,1,2765,0.23616193,18.041733,17.130117,18.0539,0.06689125,0.023324763,0.028888376,0.0476,292.695609,-4.8754365,0.92,t17_f5_c3,1.0,18.0625,0.0596,437120204.0,True,True,False,24.5.1,0.0,,ZTF18abuzkke
ztf,60519.29412040021,2765294120415025011,2,2765294120415,20.4774,1,2765,0.236162,18.0417,17.130104,18.0539,0.066891,0.023325395,0.028888758,0.0476,292.695609,-4.8754365,0.92,t17_f5_c3,,18.0625,0.0596,,False,True,False,24.5.1,0.0,2.795224800415015e+18,ZTF18abuzkke
ztf,60521.29512730008,2767295120415015008,2,2767295120415,20.57802,1,2767,0.24087381,17.922186,17.076866,17.9841,0.057206098,0.020647006,0.026261197,0.0434,292.6956121,-4.8754375,0.8428571,t17_f5_c3,1.0,17.9796,0.0534,437120204.0,True,True,False,24.5.1,0.0,,ZTF18abuzkke
ztf,60521.29512730008,2767295120415025008,2,2767295120415,20.578,1,2767,0.240874,17.9222,17.076872,17.9841,0.057206,0.020646656,0.026260978,0.0434,292.6956121,-4.8754375,0.842857,t17_f5_c3,,17.9796,0.0534,,False,True,False,24.5.1,0.0,2.797277230415015e+18,ZTF18abuzkke
ztf,60524.270717599895,2770270710415015024,2,2770270710415,20.757532,1,2770,0.20310709,17.786911,17.012669,17.8615,0.060286008,0.025279837,0.02954741,0.0353,292.6956085,-4.8754278,0.83,t17_f5_c3,0.9999994,17.8922,0.0443,437120204.0,True,True,False,24.5.1,0.0,,ZTF18abuzkke
ztf,60531.25314809987,2777253140415015027,2,2777253140415,20.67865,1,2777,0.12878484,17.26462,16.725489,17.3119,0.057251506,0.03280676,0.034844544,0.0234,292.6955917,-4.875412,0.68714285,t17_f5_c3,0.99999213,17.3048,0.0282,437120204.0,True,True,False,24.5.1,0.0,,ZTF18abuzkke
ztf,60531.25314809987,2777253140415025027,2,2777253140415,20.6786,1,2777,0.128785,17.2646,16.725477,17.3119,0.057252,0.03280738,0.034845088,0.0234,292.6955917,-4.875412,0.687143,t17_f5_c3,,17.3048,0.0282,,False,True,False,24.5.1,0.0,2.807235050415015e+18,ZTF18abuzkke
ztf,60535.26842590002,2781268420415015012,2,2781268420415,20.311586,1,2781,0.21553388,16.986483,16.5479,17.0644,0.050821654,0.032434825,0.03393247,0.0228,292.6955952,-4.8754361,0.92285717,t17_f5_c3,1.0,17.0613,0.028,437120204.0,True,True,False,24.5.1,0.0,,ZTF18abuzkke
ztf,60535.26842590002,2781268420415025012,2,2781268420415,20.3116,1,2781,0.215534,16.9865,16.54791,17.0644,0.050822,0.03243485,0.033932522,0.0228,292.6955952,-4.8754361,0.922857,t17_f5_c3,,17.0613,0.028,,False,True,False,24.5.1,0.0,2.811235160415015e+18,ZTF18abuzkke
ztf,60537.277951399796,2783277950415015012,2,2783277950415,20.110825,1,2783,0.19376536,16.850548,16.455278,16.903,0.04469565,0.02967698,0.031056836,0.0239,292.6955853,-4.8754298,0.91571426,t17_f5_c3,0.9999994,16.912,0.03,437120204.0,True,True,False,24.5.1,0.0,,ZTF18abuzkke
ztf,60537.277951399796,2783277950415025012,2,2783277950415,20.1108,1,2783,0.193765,16.8505,16.455244,16.903,0.044696,0.029677754,0.031057497,0.0239,292.6955853,-4.8754298,0.915714,t17_f5_c3,,16.912,0.03,,False,True,False,24.5.1,0.0,2.813244370415015e+18,ZTF18abuzkke
ztf,60539.314097200055,2785314090415015008,2,2785314090415,19.109516,1,2785,0.18064594,16.828531,16.439932,16.8329,0.036959454,0.024211923,0.02583961,0.0483,292.6955933,-4.8754253,0.9257143,t17_f5_c3,1.0,16.859,0.0632,437120204.0,True,True,False,24.5.1,0.0,,ZTF18abuzkke
ztf,60543.25339120021,2789253390415015004,2,2789253390415,19.94079,1,2789,0.17596021,16.603085,16.27753,16.6552,0.043742847,0.03146484,0.032410502,0.0227,292.695584,-4.8754232,0.8485714,t17_f5_c3,0.9999999,16.6764,0.029,437120204.0,True,True,False,24.5.1,0.0,,ZTF18abuzkke
ztf,60543.25339120021,2789253390415025004,2,2789253390415,19.9408,1,2789,0.17596,16.6031,16.277542,16.6552,0.043743,0.03146482,0.0324105,0.0227,292.695584,-4.8754232,0.848571,t17_f5_c3,,16.6764,0.029,,False,True,False,24.5.1,0.0,2.817191740415015e+18,ZTF18abuzkke
ztf,60545.20615739981,2791206150415015005,1,2791206150415,20.0006,1,2791,0.217122,20.2498,19.356771,20.644,0.218596,0.09455092,0.09603538,0.6371,292.6956507,-4.8753569,0.808571,t17_f5_c3,,20.5543,0.7524,,False,True,False,24.5.1,0.0,2.817191740415015e+18,ZTF18abuzkke
ztf,60545.23177079996,2791231770415015007,2,2791231770415,20.184696,1,2791,0.20819366,16.52395,16.218351,16.6044,0.034807816,0.025216546,0.026268609,0.0171,292.6955931,-4.8754325,0.91571426,t17_f5_c3,1.0,16.6022,0.021,437120204.0,True,True,False,24.5.1,0.0,,ZTF18abuzkke
ztf,60547.23466440011,2793234660415015005,2,2793234660415,20.504787,1,2793,0.16988692,16.45544,16.166252,16.4888,0.032246146,0.023689196,0.024706012,0.0128,292.6955904,-4.8754238,0.9114286,t17_f5_c3,1.0,16.4906,0.0154,437120204.0,True,True,False,24.5.1,0.0,,ZTF18abuzkke
ztf,60549.22480319999,2795224800415015008,2,2795224800415,20.552322,1,2795,0.1788489,16.366932,16.097803,16.4484,0.049241114,0.037861932,0.038430527,0.0122,292.6956064,-4.8754205,0.86142856,t17_f5_c3,0.99999875,16.4594,0.0146,437120204.0,True,True,False,24.5.1,0.0,,ZTF18abuzkke
ztf,60551.21185189998,2797211850415015005,2,2797211850415,20.401907,1,2797,0.1638962,16.368195,16.09879,16.3814,0.029701404,0.02221732,0.02317472,0.0122,292.6956114,-4.8754131,0.9014286,t17_f5_c3,0.99999976,16.3831,0.0146,437120204.0,True,True,False,24.5.1,0.0,,ZTF18abuzkke
ztf,60551.27723379992,2797277230415015007,1,2797277230415,20.419449,1,2797,0.122644655,19.886108,19.181854,20.1125,0.13420954,0.068682306,0.07015871,0.2845,292.6956109,-4.8753938,0.88857144,t17_f5_c3,0.99999976,19.9098,0.3014,437120104.0,True,True,False,24.5.1,0.0,,ZTF18abuzkke
ztf,60553.21181710018,2799211810415015007,1,2799211810415,20.385601,1,2799,0.3577806,19.723791,19.093985,19.7193,0.10925869,0.059727103,0.06116927,0.2023,292.6955714,-4.8754664,0.9028571,t17_f5_c3,0.9999986,19.5881,0.2283,437120104.0,True,True,False,24.5.1,0.0,,ZTF18abuzkke
ztf,60553.23269680003,2799232690415015007,2,2799232690415,20.573792,1,2799,0.16328588,16.291271,16.038307,16.3566,0.04441735,0.03462892,0.035185777,0.0113,292.6955818,-4.8754212,0.8471429,t17_f5_c3,0.99999905,16.3482,0.0132,437120204.0,True,True,False,24.5.1,0.0,,ZTF18abuzkke
ztf,60555.221180600114,2801221180415015008,1,2801221180415,20.67738,1,2801,0.3286391,19.746798,19.106804,19.9355,0.14017577,0.07658889,0.077745594,0.2089,292.6955559,-4.8754506,0.89,t17_f5_c3,0.99995065,19.8179,0.2381,437120104.0,True,True,False,24.5.1,0.0,,ZTF18abuzkke
ztf,60555.26483799983,2801264830415015006,2,2801264830415,20.532532,1,2801,0.15525989,16.255278,16.009697,16.3153,0.046838965,0.036860336,0.037357263,0.0113,292.6955812,-4.8754157,0.81857145,t17_f5_c3,0.9999957,16.3047,0.0133,437120204.0,True,True,False,24.5.1,0.0,,ZTF18abuzkke
ztf,60557.23557869997,2803235570415015009,2,2803235570415,20.550932,1,2803,0.16040172,16.230696,15.9900465,16.2656,0.03877555,0.030489083,0.031066926,0.0108,292.6955823,-4.8754207,0.76428574,t17_f5_c3,0.9999925,16.2565,0.0127,437120204.0,True,True,False,24.5.1,0.0,,ZTF18abuzkke
ztf,60559.17214119993,2805172140415015007,1,2805172140415,20.378714,1,2805,0.19632187,19.54434,18.989891,19.7009,0.13188988,0.078231975,0.079146534,0.2092,292.6956187,-4.8754123,0.9185714,t17_f5_c3,0.99999964,19.6553,0.2559,437120104.0,True,True,False,24.5.1,0.0,,ZTF18abuzkke
ztf,60559.24394680001,2805243940415015008,2,2805243940415,20.319107,1,2805,0.21281329,16.175936,15.945955,16.2243,0.037379935,0.029697381,0.030244494,0.0116,292.6955844,-4.875434,0.89428574,t17_f5_c3,0.99999976,16.2166,0.0139,437120204.0,True,True,False,24.5.1,0.0,,ZTF18abuzkke
ztf,60561.20745369978,2807207450415015008,2,2807207450415,20.395126,1,2807,0.16884348,16.11712,15.898124,16.1612,0.043466225,0.035101395,0.035526566,0.0109,292.6955795,-4.8754209,0.8857143,t17_f5_c3,0.9999999,16.1566,0.0129,437120204.0,True,True,False,24.5.1,0.0,,ZTF18abuzkke
ztf,60561.235057900194,2807235050415015004,1,2807235050415,20.165878,1,2807,0.2503446,19.473648,18.946918,19.5557,0.13991238,0.0853566,0.08613203,0.2148,292.6955894,-4.8754365,0.91571426,t17_f5_c3,0.9999995,19.6197,0.2904,437120104.0,True,True,False,24.5.1,0.0,,ZTF18abuzkke
ztf,60565.23516200017,2811235160415015008,1,2811235160415,19.85153,1,2811,0.21876283,19.40266,18.902672,19.5023,0.14356297,0.08990399,0.090583086,0.2517,292.6956268,-4.8754149,0.9114286,t17_f5_c3,0.99999994,19.3481,0.2795,437120104.0,True,True,False,24.5.1,0.0,,ZTF18abuzkke
ztf,60565.26996529987,2811269960415015010,2,2811269960415,19.798243,1,2811,0.19593488,16.029781,15.826222,16.0674,0.02846146,0.023031617,0.023595747,0.0129,292.6955858,-4.8754304,0.9071429,t17_f5_c3,1.0,16.0657,0.0158,437120204.0,True,True,False,24.5.1,0.0,,ZTF18abuzkke
ztf,60567.185300900135,2813185300415015006,2,2813185300415,19.917233,1,2813,0.19457406,15.965784,15.7729025,16.0022,0.038624365,0.031966884,0.03233767,0.0134,292.695593,-4.8754296,0.8414286,t17_f5_c3,1.0,16.0073,0.0167,437120204.0,True,True,False,24.5.1,0.0,,ZTF18abuzkke
ztf,60567.185300900135,2813185300415025006,2,2813185300415,19.9172,1,2813,0.194574,15.9658,15.772916,16.0022,0.038624,0.031966485,0.03233728,0.0134,292.695593,-4.8754296,0.841429,t17_f5_c3,,16.0073,0.0167,,False,True,False,24.5.1,0.0,2.841171700415015e+18,ZTF18abuzkke
ztf,60567.24437499978,2813244370415015003,1,2813244370415,19.428974,1,2813,0.31018394,19.138453,18.728653,19.5381,0.15937203,0.108860105,0.10926791,0.4267,292.6956438,-4.8754352,0.9,t17_f5_c3,0.9999995,19.5793,0.5686,437120104.0,True,True,False,24.5.1,0.0,,ZTF18abuzkke
ztf,60567.24437499978,2813244370415025003,1,2813244370415,19.429,1,2813,0.310184,19.1385,18.728687,19.5381,0.159372,0.10885855,0.109266385,0.4267,292.6956438,-4.8754352,0.9,t17_f5_c3,,19.5793,0.5686,,False,True,False,24.5.1,0.0,2.843187410415015e+18,ZTF18abuzkke
ztf,60571.191747699864,2817191740415015007,2,2817191740415,19.360273,1,2817,0.19039106,15.82058,15.650048,15.8895,0.038159683,0.032320287,0.032613117,0.0163,292.695593,-4.875428,0.92,t17_f5_c3,1.0,15.8858,0.0205,437120204.0,True,True,False,24.5.1,0.0,,ZTF18abuzkke
ztf,60579.23253470007,2825232530415015014,2,2825232530415,20.055475,1,2825,0.24183346,15.498404,15.369168,15.5394,0.0284173,0.025002697,0.025228333,0.0074,292.6955919,-4.8754429,0.89857143,t17_f5_c3,1.0,15.5344,0.0087,437120204.0,True,True,False,24.5.1,0.0,,ZTF18abuzkke
ztf,60579.27422450017,2825274220415015008,1,2825274220415,19.568901,1,2825,0.45535052,18.44717,18.211353,18.497,0.087367125,0.0700663,0.07031066,0.0996,292.6955903,-4.8754942,0.81714284,t17_f5_c3,0.99999917,18.6175,0.1418,437120104.0,True,True,False,24.5.1,0.0,,ZTF18abuzkke
ztf,60591.16318289982,2837163180415015005,1,2837163180415,19.931292,1,2837,0.25135368,16.664467,16.614635,16.6671,0.031731967,0.030278595,0.030308489,0.0175,292.6955867,-4.8754362,0.9257143,t17_f5_c3,1.0,16.6713,0.0217,437120104.0,True,True,False,24.5.1,0.0,,ZTF18abuzkke
ztf,60593.148263900075,2839148260415015006,2,2839148260415,19.865204,1,2839,0.2118763,14.144886,14.106133,14.1791,0.027629877,0.026640322,0.026661081,0.0031,292.6955958,-4.8754334,0.8385714,t17_f5_c3,0.9999999,14.1732,0.0035,437120204.0,True,True,False,24.5.1,0.0,,ZTF18abuzkke
ztf,60593.21783560002,2839217830415015004,1,2839217830415,19.48845,1,2839,0.2502462,16.317425,16.281,16.3552,0.0325278,0.03143909,0.031454664,0.0171,292.695611,-4.8754333,0.92285717,t17_f5_c3,0.9999999,16.3296,0.0208,437120104.0,True,True,False,24.5.1,0.0,,ZTF18abuzkke
ztf,60595.1434491002,2841143440415015006,1,2841143440415,19.461723,1,2841,0.19140282,16.06162,16.032742,16.1108,0.029200543,0.02842318,0.028434087,0.0151,292.6955922,-4.8754199,0.93714285,t17_f5_c3,0.99999994,16.1082,0.0189,437120104.0,True,True,False,24.5.1,0.0,,ZTF18abuzkke
ztf,60595.171701400075,2841171700415015004,2,2841171700415,19.320854,1,2841,0.2405648,13.995331,13.961488,14.0193,0.019291962,0.018677214,0.018699894,0.0031,292.6955735,-4.8754421,0.7214286,t17_f5_c3,0.9999943,14.0082,0.0035,437120204.0,True,True,False,24.5.1,0.0,,ZTF18abuzkke
ztf,60597.18741900008,2843187410415015004,1,2843187410415,19.396635,1,2843,0.23051287,15.883317,15.858763,15.8842,0.026759997,0.026152996,0.026161598,0.0147,292.6955823,-4.8754289,0.92285717,t17_f5_c3,1.0,15.8687,0.0182,437120104.0,True,True,False,24.5.1,0.0,,ZTF18abuzkke
ztf,60599.14508099994,2845145080415015006,2,2845145080415,19.928091,1,2845,0.18824343,13.752805,13.725653,13.7664,0.038707707,0.037744433,0.037751704,0.0025,292.6955919,-4.8754276,0.78,t17_f5_c3,0.99641985,13.7612,0.0027,437120204.0,True,True,False,24.5.1,0.0,,ZTF18abuzkke
ztf,60602.21063659992,2848210630415015004,2,2848210630415,18.403263,1,2848,0.28745633,13.630303,13.606016,13.7042,0.01746102,0.017061863,0.017074764,0.0032,292.6956259,-4.8754447,0.41285715,t17_f5_c3,0.72335076,13.6567,0.0037,437120204.0,True,True,False,24.5.1,0.0,,ZTF18abuzkke
ztf,60604.13002309995,2850130020415015005,1,2850130020415,20.264666,1,2850,0.23891988,15.607371,15.58828,15.6124,0.026995638,0.026519934,0.02652509,0.0066,292.6955881,-4.875434,0.92285717,t17_f5_c3,0.9999982,15.6035,0.0077,437120104.0,True,True,False,24.5.1,0.0,,ZTF18abuzkke
ztf,60604.17126160022,2850171260415015006,2,2850171260415,19.901823,1,2850,0.18767266,13.61777,13.593759,13.647,0.043502953,0.04254636,0.042551424,0.0022,292.6955987,-4.8754261,0.7942857,t17_f5_c3,0.99967295,13.6415,0.0025,437120204.0,True,True,False,24.5.1,0.0,,ZTF18abuzkke
ztf,60606.12915509986,2852129150415015010,2,2852129150415,20.251202,1,2852,0.16275895,13.586273,13.562941,13.6228,0.029575413,0.028939594,0.028946621,0.002,292.6955861,-4.8754215,0.7757143,t17_f5_c3,0.99845564,13.6177,0.0022,437120204.0,True,True,False,24.5.1,0.0,,ZTF18abuzkke
ztf,60608.10843749996,2854108430415015005,1,2854108430415,20.3254,1,2854,0.195384,15.5901,15.571307,15.6129,0.028946,0.028444622,0.02844928,0.0066,292.6955933,-4.8754226,0.914286,t17_f5_c3,,15.6056,0.0077,,False,True,False,24.5.1,0.0,2.854148880415015e+18,ZTF18abuzkke
ztf,60608.10843749996,2854108430415025005,1,2854108430415,20.3254,1,2854,0.195384,15.5901,15.571307,15.6129,0.028946,0.028444622,0.02844928,0.0066,292.6955933,-4.8754226,0.914286,t17_f5_c3,,15.6056,0.0077,,False,True,False,25.0.0,0.0,2.878141920415015e+18,ZTF18abuzkke
ztf,60608.148888899945,2854148880415015005,2,2854148880415,20.1278,1,2854,0.16985705,13.595531,13.572001,13.6253,0.028082455,0.027472872,0.0274804,0.0021,292.695593,-4.8754236,0.79142857,t17_f5_c3,0.9994608,13.6192,0.0022,437120204.0,True,True,False,24.5.1,0.0,,ZTF18abuzkke
ztf,60610.129814799875,2856129810415025005,1,2856129810415,20.2035,1,2856,0.22107,15.5918,15.572977,15.6045,0.03121,0.030669272,0.030673604,0.0075,292.6955866,-4.8754288,0.927143,t17_f5_c3,,15.5966,0.0088,,False,True,False,25.0.0,0.0,2.878141920415015e+18,ZTF18abuzkke
ztf,60610.14890050003,2856148900415025004,2,2856148900415,20.0038,1,2856,0.188089,13.6351,13.610706,13.6487,0.033651,0.03289663,0.03290338,0.0023,292.6955905,-4.8754272,0.79,t17_f5_c3,,13.643,0.0025,,False,True,False,25.0.0,0.0,2.878141920415015e+18,ZTF18abuzkke
ztf,60615.09428239986,2861094280415015010,2,2861094280415,20.237762,1,2861,0.15263394,13.704003,13.67803,13.714,0.0387557,0.037832946,0.037839588,0.0021,292.6955918,-4.8754183,0.81714284,t17_f5_c3,0.9935103,13.707,0.0023,437120204.0,True,True,False,24.5.1,0.0,,ZTF18abuzkke
ztf,60619.12291669985,2865122910415015006,1,2865122910415,19.9022,1,2865,0.253004,15.7909,15.768329,15.818,0.024452,0.023940956,0.023948912,0.0091,292.6955911,-4.8754372,0.921429,t17_f5_c3,,15.8087,0.0109,,False,True,False,25.0.0,0.0,2.878141920415015e+18,ZTF18abuzkke
ztf,60619.13484949991,2865134840415015006,2,2865134840415,19.5334,1,2865,0.255499,13.7477,13.720674,13.771,0.019487,0.018993597,0.019007912,0.0025,292.6955782,-4.8754436,0.752857,t17_f5_c3,,13.7607,0.0028,,False,True,False,25.0.0,0.0,2.878141920415015e+18,ZTF18abuzkke
ztf,60621.09203700023,2867092030415015003,2,2867092030415,19.32712,1,2867,0.23648201,13.791249,13.763131,13.8137,0.018971438,0.018470509,0.018486425,0.0026,292.6955996,-4.8754401,0.68714285,t17_f5_c3,0.9715042,13.7971,0.0028,437120204.0,True,True,False,25.0.0,0.0,,ZTF18abuzkke
ztf,60621.14627309982,2867146270415015004,1,2867146270415,19.135668,1,2867,0.36855653,15.804628,15.781773,15.8533,0.025064688,0.02453461,0.024542566,0.0118,292.6955575,-4.8754646,0.7714286,t17_f5_c3,0.9997846,15.8414,0.0144,437120104.0,True,True,False,25.0.0,0.0,,ZTF18abuzkke
ztf,60623.093229200225,2869093220415015005,1,2869093220415,19.75408,1,2869,0.28518754,15.946896,15.920877,15.9459,0.024346083,0.023758993,0.02376961,0.0112,292.6955781,-4.8754451,0.9242857,t17_f5_c3,0.9999964,15.9424,0.0137,437120104.0,True,True,False,25.0.0,0.0,,ZTF18abuzkke
ztf,60623.142222200055,2869142220415015004,2,2869142220415,19.615631,1,2869,0.20106159,13.792253,13.764109,13.8374,0.038180217,0.037195325,0.037203245,0.0028,292.6955659,-4.8754288,0.80142856,t17_f5_c3,0.9999286,13.8316,0.0032,437120204.0,True,True,False,25.0.0,0.0,,ZTF18abuzkke
ztf,60625.10761569999,2871107610415015004,2,2871107610415,19.654245,1,2871,0.21761326,13.848394,13.818777,13.8672,0.02552003,0.024820166,0.02483329,0.0028,292.6955976,-4.8754351,0.8142857,t17_f5_c3,0.99999976,13.8625,0.0031,437120204.0,True,True,False,25.0.0,0.0,,ZTF18abuzkke
ztf,60627.106898100115,2873106890415015004,2,2873106890415,18.97483,1,2873,0.27736604,13.878389,13.847954,13.9001,0.017626343,0.017119028,0.017139101,0.0037,292.6955834,-4.8754533,0.74142855,t17_f5_c3,0.9999937,13.8899,0.0043,437120204.0,True,True,False,25.0.0,0.0,,ZTF18abuzkke
ztf,60627.106898100115,2873106890415025004,2,2873106890415,18.9748,1,2873,0.277366,13.8784,13.847964,13.9001,0.017626,0.017118689,0.017138764,0.0037,292.6955834,-4.8754533,0.741429,t17_f5_c3,,13.8899,0.0043,,False,True,False,25.0.0,0.0,2.878141920415015e+18,ZTF18abuzkke
ztf,60627.129236099776,2873129230415015003,1,2873129230415,18.63901,1,2873,0.3533065,15.988697,15.961671,16.0056,0.03541614,0.034537565,0.03454544,0.0197,292.6955653,-4.8754624,0.68714285,t17_f5_c3,0.999721,15.9716,0.0241,437120104.0,True,True,False,25.0.0,0.0,,ZTF18abuzkke
ztf,60629.106955999974,2875106950415015005,2,2875106950415,19.219187,1,2875,0.20397167,13.945129,13.912793,13.9567,0.01775915,0.017215535,0.017238028,0.0036,292.6955849,-4.875432,0.80857146,t17_f5_c3,0.9999999,13.9485,0.0043,437120204.0,True,True,False,25.0.0,0.0,,ZTF18abuzkke
ztf,60632.141921299975,2878141920415015003,1,2878141920415,18.769953,1,2878,0.38635463,16.165127,16.1334,16.1414,0.030162813,0.029281447,0.029294189,0.0256,292.6955442,-4.8754648,0.8971428,t17_f5_c3,1.0,16.1324,0.0322,437120104.0,True,True,False,25.0.0,0.0,,ZTF18abuzkke
ztf,60721.5511690001,2967551160415015007,2,2967551160415,18.1532,1,2967,0.258045,17.0882,16.614746,17.1912,0.096712,0.06162602,0.06253148,0.0654,292.6955514,-4.87544,0.381429,t17_f5_c3,,17.1523,0.0806,,False,True,False,26.0.1,0.0,2.975553840415015e+18,ZTF18abuzkke
ztf,60721.55407410022,2967554070415015007,2,2967554070415,18.0933,1,2967,0.627063,17.0273,16.574982,17.1112,0.107611,0.07020602,0.0709462,0.0663,292.6954696,-4.8752405,0.268571,t17_f5_c3,,16.9711,0.0745,,False,True,False,26.0.1,0.0,2.975553840415015e+18,ZTF18abuzkke
ztf,60721.55908560008,2967559080415015018,2,2967559080415,17.964,1,2967,0.822947,17.0277,16.575245,17.2496,0.168769,0.11078192,0.1112527,0.078,292.6956021,-4.8756063,0.37,t17_f5_c3,,17.1868,0.0942,,False,True,False,26.0.1,0.0,2.975553840415015e+18,ZTF18abuzkke
ztf,60728.544421299826,2974544420415015004,2,2974544420415,19.5523,1,2974,0.358879,17.2796,16.734583,17.3279,0.055032,0.031137438,0.03331257,0.0498,292.6956373,-4.8754619,0.945714,t17_f5_c3,,17.2949,0.0612,,False,True,False,26.0.1,0.0,2.975553840415015e+18,ZTF18abuzkke
ztf,60728.552789399866,2974552780415015005,2,2974552780415,19.48,1,2974,0.486978,17.3164,16.75671,17.3458,0.045387,0.024262741,0.027105348,0.055,292.6956868,-4.8754669,0.938571,t17_f5_c3,,17.3445,0.0699,,False,True,False,26.0.1,0.0,2.975553840415015e+18,ZTF18abuzkke
ztf,60729.5427778,2975542770415015025,2,2975542770415,19.243,1,2975,0.478586,17.3749,16.791265,17.3929,0.038703,0.018856619,0.022609478,0.0575,292.6956698,-4.8754767,0.87,t17_f5_c3,,17.4085,0.0741,,False,True,False,26.0.1,0.0,2.975553840415015e+18,ZTF18abuzkke
ztf,60729.54631939996,2975546310415015004,2,2975546310415,19.2707,1,2975,0.39757,17.4155,16.814798,17.6079,0.055147,0.029038263,0.031713266,0.0723,292.6956525,-4.8754644,0.917143,t17_f5_c3,,17.4813,0.0819,,False,True,False,26.0.1,0.0,2.975553840415015e+18,ZTF18abuzkke
ztf,60729.55384259997,2975553840415015005,2,2975553840415,19.191303,1,2975,0.35996592,17.36062,16.7829,17.4672,0.04796944,0.025310874,0.028175827,0.0695,292.6956385,-4.8754611,0.93857145,t17_f5_c3,1.0,17.4238,0.0851,437120204.0,True,True,False,26.0.1,0.0,,ZTF18abuzkke
ztf,60774.512847200036,3020512840415015005,2,3020512840415,20.356424,1,3020,0.17019697,18.552404,17.322063,18.5247,0.10259398,0.026031915,0.033035874,0.0834,292.6956086,-4.8754166,0.8385714,t17_f5_c3,0.99999994,18.5174,0.1039,437120204.0,True,True,False,26.0.1,0.0,,ZTF18abuzkke
ztf,60785.405555599835,3031405550415015006,2,3031405550415,19.515081,1,3031,0.18134438,18.079885,17.146431,18.2789,0.09203814,0.034904066,0.03895702,0.1201,292.6956179,-4.8754139,0.91571426,t17_f5_c3,0.9999981,18.3406,0.1619,437120204.0,True,True,False,26.0.1,0.0,,ZTF18abuzkke
ztf,60787.48099539988,3033480990415015006,2,3033480990415,20.183088,1,3033,0.25910413,18.0135,17.117834,18.0694,0.06565901,0.023324966,0.028775837,0.059,292.6956135,-4.8754414,0.94714284,t17_f5_c3,1.0,18.0548,0.0731,437120204.0,True,True,False,26.0.1,0.0,,ZTF18abuzkke
ztf,60789.42931709997,3035429310415015007,2,3035429310415,20.153618,1,3035,0.29719424,17.883196,17.058794,17.9502,0.064935036,0.025860589,0.03038912,0.0492,292.6956355,-4.8754392,0.9357143,t17_f5_c3,1.0,17.9901,0.0636,437120204.0,True,True,False,26.0.1,0.0,,ZTF18abuzkke
ztf,60795.42063659988,3041420630415015001,2,3041420630415,20.120375,1,3041,0.2028818,17.51046,16.868387,17.5802,0.050739374,0.024689017,0.028087698,0.0361,292.6956203,-4.8754197,0.9357143,t17_f5_c3,1.0,17.593,0.0453,437120204.0,True,True,False,26.0.1,0.0,,ZTF18abuzkke
ztf,60797.4378819,3043437880415015006,2,3043437880415,20.386517,1,3043,0.24651651,17.438116,16.827745,17.4278,0.048491314,0.024442973,0.027638597,0.0292,292.6956201,-4.8754338,0.93142855,t17_f5_c3,1.0,17.4496,0.0366,437120204.0,True,True,False,26.0.1,0.0,,ZTF18abuzkke
ztf,60802.48218750022,3048482180415015011,2,3048482180415,20.13476,1,3048,0.32008493,17.09418,16.618608,17.1321,0.051450144,0.031450275,0.033201527,0.0231,292.6956212,-4.8754593,0.8642857,t17_f5_c3,1.0,17.0978,0.0275,437120204.0,True,True,False,27.5.6,0.0,,ZTF18abuzkke
ztf,60805.42163190013,3051421630415015004,2,3051421630415,19.843287,1,3051,0.27128103,16.905806,16.493374,16.9224,0.033326425,0.02072822,0.022793757,0.0288,292.6956143,-4.8754455,0.93714285,t17_f5_c3,1.0,16.9209,0.0361,437120204.0,True,True,False,27.5.6,0.0,,ZTF18abuzkke
ztf,60807.3961920999,3053396190415015004,2,3053396190415,19.306114,1,3053,0.29033834,16.803902,16.422655,16.8157,0.04217571,0.028326493,0.029686805,0.0362,292.695617,-4.8754498,0.9142857,t17_f5_c3,1.0,16.8428,0.047,437120204.0,True,True,False,27.5.6,0.0,,ZTF18abuzkke
ztf,60814.398958299775,3060398950415015002,2,3060398950415,19.630713,1,3060,0.2655616,16.474087,16.18051,16.4988,0.039422065,0.0292304,0.030082136,0.0207,292.6956141,-4.8754441,0.9028571,t17_f5_c3,1.0,16.4852,0.0256,437120204.0,True,True,False,27.5.6,0.0,,ZTF18abuzkke
ztf,60817.371724499855,3063371720415015006,1,3063371720415,20.576084,1,3063,0.38912085,19.742046,19.104166,20.0248,0.139744,0.07650475,0.07765714,0.2424,292.6956243,-4.8754708,0.9028571,t17_f5_c3,0.9999998,20.0059,0.3031,437120104.0,True,True,False,27.5.6,0.0,,ZTF18abuzkke
ztf,60817.40848380001,3063408480415015009,2,3063408480415,20.668398,1,3063,0.21701622,16.303019,16.047604,16.3444,0.03866406,0.029905068,0.030559141,0.0106,292.6956068,-4.8754326,0.8385714,t17_f5_c3,0.99999976,16.3382,0.0123,437120204.0,True,True,False,27.5.6,0.0,,ZTF18abuzkke
ztf,60819.4360301001,3065436030415015004,1,3065436030415,20.616844,1,3065,0.2194072,19.67803,19.068127,19.8865,0.13036293,0.07320822,0.07433496,0.1828,292.6955857,-4.8754298,0.9185714,t17_f5_c3,0.9999993,19.8862,0.2314,437120104.0,True,True,False,27.5.6,0.0,,ZTF18abuzkke
ztf,60821.35756940022,3067357560415015009,2,3067357560415,20.418837,1,3067,0.27185223,16.137459,15.914719,16.1906,0.036647648,0.029327199,0.02985039,0.0105,292.6956157,-4.8754444,0.8857143,t17_f5_c3,0.9999999,16.1918,0.0123,437120204.0,True,True,False,27.5.6,0.0,,ZTF18abuzkke
ztf,60823.31909719994,3069319090415015003,1,3069319090415,20.499895,1,3069,0.31906778,19.234985,18.793903,19.4025,0.09606287,0.063202895,0.06399156,0.145,292.6956428,-4.875439,0.94142854,t17_f5_c3,0.9999999,19.2935,0.1664,437120104.0,True,True,False,27.5.6,0.0,,ZTF18abuzkke
ztf,60823.35766200023,3069357660415015005,2,3069357660415,20.579617,1,3069,0.2713563,16.071877,15.861005,16.1076,0.03266574,0.026373042,0.026899476,0.0093,292.6956102,-4.8754466,0.87285715,t17_f5_c3,0.9999992,16.1146,0.0108,437120204.0,True,True,False,27.5.6,0.0,,ZTF18abuzkke
ztf,60826.386111100204,3072386110415015006,2,3072386110415,20.305708,1,3072,0.22045365,15.879478,15.700185,15.9323,0.031137327,0.025999574,0.026397575,0.0093,292.6956005,-4.8754353,0.9114286,t17_f5_c3,0.9999977,15.9225,0.0109,437120204.0,True,True,False,27.5.6,0.0,,ZTF18abuzkke
ztf,60826.386111100204,3072386110415025006,2,3072386110415,20.3057,1,3072,0.220454,15.8795,15.700204,15.9323,0.031137,0.025999198,0.026397217,0.0093,292.6956005,-4.8754353,0.911429,t17_f5_c3,,15.9225,0.0109,,False,True,False,27.5.6,0.0,3.100441750415015e+18,ZTF18abuzkke
ztf,60826.414513899945,3072414510415015009,1,3072414510415,20.223467,1,3072,0.22171561,19.025059,18.64965,19.1739,0.09908524,0.06957002,0.070120566,0.1292,292.6955536,-4.8754165,0.93714285,t17_f5_c3,1.0,19.2853,0.1818,437120104.0,True,True,False,27.5.6,0.0,,ZTF18abuzkke
ztf,60830.40335649997,3076403350415025005,1,3076403350415,20.3157,1,3076,0.236083,18.7025,18.411892,18.8438,0.081852,0.062233075,0.062630564,0.0881,292.6956146,-4.8754282,0.945714,t17_f5_c3,,18.8833,0.1154,,False,True,False,27.5.6,0.0,3.082440250415015e+18,ZTF18abuzkke
ztf,60830.40335649997,3076403350415035005,1,3076403350415,20.3157,1,3076,0.236083,18.7025,18.411892,18.8438,0.081852,0.062233075,0.062630564,0.0881,292.6956146,-4.8754282,0.945714,t17_f5_c3,,18.8833,0.1154,,False,True,False,27.5.6,0.0,3.104422620415015e+18,ZTF18abuzkke
ztf,60832.398333299905,3078398330415015006,1,3078398330415,20.355415,1,3078,0.22108746,18.465761,18.22629,18.5114,0.06446107,0.051360056,0.05170217,0.0684,292.6956011,-4.8754279,0.94857144,t17_f5_c3,1.0,18.5567,0.09,437120104.0,True,True,False,27.5.6,0.0,,ZTF18abuzkke
ztf,60832.458194400184,3078458190415015009,2,3078458190415,20.62299,1,3078,0.17421167,15.627959,15.483391,15.6481,0.040431473,0.03519277,0.035390943,0.0065,292.6955832,-4.8754251,0.8585714,t17_f5_c3,0.99996096,15.6422,0.0073,437120204.0,True,True,False,27.5.6,0.0,,ZTF18abuzkke
ztf,60834.41802080022,3080418020415015010,1,3080418020415,20.240866,1,3080,0.21019733,18.328903,18.115185,18.3609,0.05919394,0.048320804,0.048617218,0.0713,292.695602,-4.8754236,0.95428574,t17_f5_c3,0.9999999,18.4448,0.0976,437120104.0,True,True,False,27.5.6,0.0,,ZTF18abuzkke
ztf,60834.44128469983,3080441280415015008,2,3080441280415,20.776857,1,3080,0.22350506,15.480685,15.353423,15.5318,0.04126033,0.036546465,0.036696784,0.0057,292.6955916,-4.8754376,0.76714283,t17_f5_c3,0.99999154,15.5249,0.0063,437120204.0,True,True,False,27.5.6,0.0,,ZTF18abuzkke
ztf,60836.44025459979,3082440250415015003,1,3082440250415,19.310146,1,3082,0.28870922,18.053923,17.8845,18.1601,0.0675008,0.057585567,0.05774845,0.116,292.6956081,-4.8754439,0.9457143,t17_f5_c3,1.0,18.1485,0.147,437120104.0,True,True,False,27.5.6,0.0,,ZTF18abuzkke
ztf,60839.316064800136,3085316060415015003,2,3085316060415,19.343243,1,3085,0.2321268,15.313344,15.203372,15.3376,0.029106578,0.026143592,0.026302822,0.0108,292.6956107,-4.8754345,0.9,t17_f5_c3,1.0,15.3219,0.0134,437120204.0,True,True,False,27.5.6,0.0,,ZTF18abuzkke
ztf,60843.3197337999,3089319730415015007,1,3089319730415,19.97763,1,3089,0.2609947,17.7072,17.58153,17.7592,0.04179003,0.037077766,0.037222467,0.045,292.6956089,-4.8754371,0.95285714,t17_f5_c3,1.0,17.8008,0.0591,437120104.0,True,True,False,27.5.6,0.0,,ZTF18abuzkke
ztf,60843.38226850005,3089382260415015004,2,3089382260415,20.25806,1,3089,0.21426404,15.126177,15.032893,15.1798,0.030215602,0.027617732,0.027727956,0.0053,292.6955933,-4.8754349,0.8585714,t17_f5_c3,1.0,15.171,0.0061,437120204.0,True,True,False,27.5.6,0.0,,ZTF18abuzkke
ztf,60845.3160184999,3091316010415015010,2,3091316010415,20.660004,1,3091,0.19501005,15.075128,14.985957,15.0955,0.026404798,0.024207577,0.02432287,0.0045,292.6956052,-4.8754271,0.8142857,t17_f5_c3,0.9999819,15.087,0.0049,437120204.0,True,True,False,27.5.6,0.0,,ZTF18abuzkke
ztf,60845.37696760008,3091376960415015005,1,3091376960415,20.376825,1,3091,0.16847563,17.566036,17.454933,17.6181,0.049220465,0.044336934,0.04443286,0.0316,292.6955969,-4.8754134,0.9442857,t17_f5_c3,1.0,17.6263,0.0397,437120104.0,True,True,False,27.5.6,0.0,,ZTF18abuzkke
ztf,60847.3207291998,3093320720415015005,2,3093320720415,20.223171,1,3093,0.21572594,14.989842,14.907159,15.0305,0.024545927,0.022639425,0.022746049,0.0045,292.6956048,-4.8754343,0.81,t17_f5_c3,0.99999994,15.0203,0.0051,437120204.0,True,True,False,27.5.6,0.0,,ZTF18abuzkke
ztf,60847.396574100014,3093396570415015006,1,3093396570415,20.38366,1,3093,0.25312755,17.468788,17.36677,17.4808,0.040345855,0.036628857,0.036727536,0.0246,292.6955915,-4.8754377,0.9342857,t17_f5_c3,1.0,17.4746,0.03,437120104.0,True,True,False,27.5.6,0.0,,ZTF18abuzkke
ztf,60849.28930559987,3095289300415015010,2,3095289300415,20.63566,1,3095,0.24939929,14.872831,14.798312,14.9156,0.030539973,0.028444663,0.028514186,0.0041,292.6956059,-4.8754422,0.79571426,t17_f5_c3,0.9999554,14.9091,0.0044,437120204.0,True,True,False,27.5.6,0.0,,ZTF18abuzkke
ztf,60849.39907409996,3095399070415015008,1,3095399070415,20.55744,1,3095,0.22134556,17.363533,17.27055,17.3375,0.045165766,0.041385528,0.041458715,0.0212,292.6955875,-4.8754291,0.93285716,t17_f5_c3,1.0,17.3341,0.0258,437120104.0,True,True,False,27.5.6,0.0,,ZTF18abuzkke
ztf,60852.345671299845,3098345670415015004,2,3098345670415,20.563131,1,3098,0.19880901,14.704817,14.640673,14.7355,0.03971109,0.037393365,0.03743295,0.0039,292.6956025,-4.8754279,0.7942857,t17_f5_c3,0.99998724,14.735,0.0042,437120204.0,True,True,False,27.5.6,0.0,,ZTF18abuzkke
ztf,60852.345671299845,3098345670415025004,2,3098345670415,20.5631,1,3098,0.198809,14.7048,14.640656,14.7355,0.039711,0.037393313,0.037432894,0.0039,292.6956025,-4.8754279,0.794286,t17_f5_c3,,14.735,0.0042,,False,True,False,27.5.6,0.0,3.127254710415015e+18,ZTF18abuzkke
ztf,60852.37831019983,3098378310415015005,1,3098378310415,20.590471,1,3098,0.19929536,16.994253,16.92727,17.0178,0.041451305,0.038929984,0.038971335,0.0179,292.6955952,-4.8754219,0.94,t17_f5_c3,1.0,17.0126,0.0215,437120104.0,True,True,False,27.5.6,0.0,,ZTF18abuzkke
ztf,60854.35918979999,3100359180415015011,2,3100359180415,20.640182,1,3100,0.1912048,14.558551,14.502285,14.6044,0.043907218,0.041662246,0.041689787,0.0034,292.6955933,-4.8754286,0.8314286,t17_f5_c3,0.99996006,14.5974,0.0036,437120204.0,True,True,False,27.5.6,0.0,,ZTF18abuzkke
ztf,60854.44175929995,3100441750415015007,1,3100441750415,20.66783,1,3100,0.20066172,16.808151,16.75145,16.8469,0.03022966,0.028650822,0.02869146,0.0146,292.6955903,-4.8754233,0.9442857,t17_f5_c3,1.0,16.8583,0.0176,437120104.0,True,True,False,27.5.6,0.0,,ZTF18abuzkke
ztf,60858.373182899784,3104373180415015012,1,3104373180415,20.552916,1,3104,0.21408403,16.447828,16.406843,16.4729,0.041243132,0.039699703,0.039715257,0.0109,292.6955952,-4.8754272,0.92285717,t17_f5_c3,0.9999999,16.4679,0.0128,437120104.0,True,True,False,27.5.6,0.0,,ZTF18abuzkke
ztf,60858.422627300024,3104422620415015007,2,3104422620415,20.522629,1,3104,0.19002342,14.314497,14.269326,14.3506,0.03078826,0.029508317,0.029533628,0.0029,292.695585,-4.8754282,0.81714284,t17_f5_c3,0.99999344,14.3438,0.0031,437120204.0,True,True,False,27.5.6,0.0,,ZTF18abuzkke
ztf,60860.405219899956,3106405210415015010,1,3106405210415,20.598923,1,3106,0.23911606,16.237642,16.203758,16.2716,0.035281874,0.034185383,0.03419781,0.0094,292.6955888,-4.8754333,0.9242857,t17_f5_c3,0.9999974,16.2595,0.0108,437120104.0,True,True,False,27.5.6,0.0,,ZTF18abuzkke
ztf,60862.41482640011,3108414820415015009,1,3108414820415,20.596207,1,3108,0.21683107,16.10816,16.078033,16.1302,0.03228853,0.031394184,0.031404916,0.0084,292.69559,-4.8754281,0.9285714,t17_f5_c3,0.9999981,16.1212,0.0097,437120104.0,True,True,False,27.5.6,0.0,,ZTF18abuzkke
ztf,60862.41482640011,3108414820415025009,1,3108414820415,20.5962,1,3108,0.216831,16.1082,16.078072,16.1302,0.032289,0.03139461,0.03140534,0.0084,292.69559,-4.8754281,0.928571,t17_f5_c3,,16.1212,0.0097,,False,True,False,27.5.6,0.0,3.138279430415015e+18,ZTF18abuzkke
ztf,60864.30126160011,3110301260415015002,2,3110301260415,19.691923,1,3110,0.20893009,14.007148,13.97294,14.0292,0.025931535,0.025110027,0.02512726,0.003,292.6955998,-4.87543,0.8214286,t17_f5_c3,1.0,14.0256,0.0034,437120204.0,True,True,False,27.5.6,0.0,,ZTF18abuzkke
ztf,60864.30126160011,3110301260415025002,2,3110301260415,19.6919,1,3110,0.20893,14.0071,13.972894,14.0292,0.025932,0.025110513,0.025127744,0.003,292.6955998,-4.87543,0.821429,t17_f5_c3,,14.0256,0.0034,,False,True,False,27.5.6,0.0,3.138279430415015e+18,ZTF18abuzkke
ztf,60864.400590300094,3110400590415015003,1,3110400590415,19.781492,1,3110,0.16816351,16.005436,15.977995,16.0239,0.03410308,0.03324353,0.03325196,0.0129,292.6955887,-4.8754141,0.93,t17_f5_c3,0.9999964,16.0087,0.0158,437120104.0,True,True,False,27.5.6,0.0,,ZTF18abuzkke
ztf,60866.23177079996,3112231770415015002,1,3112231770415,18.84439,1,3112,0.23748751,15.848488,15.8247,15.8977,0.03418193,0.033434853,0.03344117,0.0249,292.6956041,-4.8754305,0.9342857,t17_f5_c3,0.99999994,15.9095,0.032,437120104.0,True,True,False,27.5.6,0.0,,ZTF18abuzkke
ztf,60866.36341439979,3112363410415015005,2,3112363410415,19.206875,1,3112,0.15230559,13.955833,13.923182,13.968,0.025811277,0.025030818,0.025046593,0.004,292.6955978,-4.8754169,0.7871429,t17_f5_c3,0.99988884,13.9662,0.0048,437120204.0,True,True,False,27.5.6,0.0,,ZTF18abuzkke
ztf,60868.23136569979,3114231360415015005,1,3114231360415,18.979425,1,3114,0.25709817,15.791666,15.769078,15.8226,0.028046677,0.027462283,0.027469229,0.0175,292.6955978,-4.8754365,0.9142857,t17_f5_c3,0.99999976,15.8122,0.0219,437120104.0,True,True,False,27.5.6,0.0,,ZTF18abuzkke
ztf,60868.36172450008,3114361720415015005,2,3114361720415,19.375607,1,3114,0.19579686,13.863087,13.833072,13.902,0.03043808,0.029596841,0.029608142,0.0033,292.6955888,-4.8754318,0.7828571,t17_f5_c3,0.99995726,13.8862,0.0038,437120204.0,True,True,False,27.5.6,0.0,,ZTF18abuzkke
ztf,60870.247800900135,3116247800415015003,1,3116247800415,19.310152,1,3116,0.24545161,15.745796,15.724134,15.77,0.027696034,0.02714246,0.027148928,0.0142,292.695599,-4.8754333,0.93,t17_f5_c3,0.9999999,15.7667,0.0177,437120104.0,True,True,False,27.5.6,0.0,,ZTF18abuzkke
ztf,60870.288668999914,3116288660415015002,2,3116288660415,19.387148,1,3116,0.2513207,13.799327,13.771002,13.8403,0.028027523,0.027294844,0.027305776,0.0033,292.6955983,-4.875445,0.80857146,t17_f5_c3,0.99999523,13.8372,0.0039,437120204.0,True,True,False,27.5.6,0.0,,ZTF18abuzkke
ztf,60870.288668999914,3116288660415025002,2,3116288660415,19.3871,1,3116,0.251321,13.7993,13.770975,13.8403,0.028028,0.027295327,0.027306257,0.0033,292.6955983,-4.875445,0.808571,t17_f5_c3,,13.8372,0.0039,,False,True,False,27.5.6,0.0,3.145251770415015e+18,ZTF18abuzkke
ztf,60872.268692099955,3118268690415015004,1,3118268690415,20.2731,1,3118,0.22965859,15.69828,15.677537,15.7154,0.027541285,0.027014127,0.027020093,0.0081,292.6955963,-4.8754311,0.9242857,t17_f5_c3,0.9999463,15.7096,0.0095,437120104.0,True,True,False,27.5.6,0.0,,ZTF18abuzkke
ztf,60872.291909699794,3118291900415015006,2,3118291900415,20.159016,1,3118,0.15528862,13.75065,13.723552,13.794,0.03639801,0.035493087,0.03550079,0.0025,292.6955802,-4.8754186,0.7342857,t17_f5_c3,0.9997798,13.7872,0.0027,437120204.0,True,True,False,27.5.6,0.0,,ZTF18abuzkke
ztf,60875.32777780015,3121327770415015005,1,3121327770415,20.530958,1,3121,0.21339679,15.710304,15.689332,15.7329,0.030379081,0.029792378,0.029797906,0.0065,292.6955976,-4.8754274,0.9085714,t17_f5_c3,0.9999995,15.729,0.0074,437120104.0,True,True,False,27.5.6,0.0,,ZTF18abuzkke
ztf,60875.35248839995,3121352480415015008,2,3121352480415,20.493465,1,3121,0.17507894,13.795174,13.766954,13.8169,0.023461891,0.022847002,0.022859963,0.0022,292.6955952,-4.8754232,0.80142856,t17_f5_c3,0.99994427,13.8105,0.0023,437120204.0,True,True,False,27.5.6,0.0,,ZTF18abuzkke
ztf,60877.29721060023,3123297210415015014,2,3123297210415,20.624298,1,3123,0.16151306,13.73392,13.707231,13.7865,0.042739406,0.041695226,0.04170159,0.0022,292.6956011,-4.8754175,0.78571427,t17_f5_c3,0.9992113,13.7808,0.0022,437120204.0,True,True,False,27.5.6,0.0,,ZTF18abuzkke
ztf,60877.37281250022,3123372810415015008,1,3123372810415,20.806793,1,3123,0.13684714,15.682018,15.66158,15.7117,0.032903384,0.032284956,0.032289803,0.0061,292.6955945,-4.8754041,0.9028571,t17_f5_c3,0.9999675,15.7033,0.0068,437120104.0,True,True,False,27.5.6,0.0,,ZTF18abuzkke
ztf,60879.30202550022,3125302020415015003,1,3125302020415,20.651007,1,3125,0.21350817,15.702184,15.681366,15.7108,0.027663372,0.027132038,0.027138019,0.0061,292.6955939,-4.8754268,0.9014286,t17_f5_c3,0.9999496,15.703,0.0068,437120104.0,True,True,False,27.5.6,0.0,,ZTF18abuzkke
ztf,60879.30202550022,3125302020415025003,1,3125302020415,20.651,1,3125,0.213508,15.7022,15.681382,15.7108,0.027663,0.027131665,0.027137646,0.0061,292.6955939,-4.8754268,0.901429,t17_f5_c3,,15.703,0.0068,,False,True,False,27.5.6,0.0,3.154292040415015e+18,ZTF18abuzkke
ztf,60879.365879599936,3125365870415015005,2,3125365870415,19.899569,1,3125,0.2596777,13.80952,13.7809305,13.8238,0.019235956,0.018719824,0.018736051,0.0022,292.6956033,-4.8754459,0.6542857,t17_f5_c3,0.98698485,13.8032,0.0023,437120204.0,True,True,False,27.5.6,0.0,,ZTF18abuzkke
ztf,60879.365879599936,3125365870415025005,2,3125365870415,19.8996,1,3125,0.259678,13.8095,13.780911,13.8238,0.019236,0.018719876,0.018736105,0.0022,292.6956033,-4.8754459,0.654286,t17_f5_c3,,13.8032,0.0023,,False,True,False,27.5.6,0.0,3.154292040415015e+18,ZTF18abuzkke
ztf,60881.250393500086,3127250390415015007,1,3127250390415,20.726454,1,3127,0.16608842,15.677071,15.656725,15.7002,0.022695478,0.022267178,0.022274142,0.0061,292.6956043,-4.8754106,0.89857143,t17_f5_c3,0.9999919,15.6909,0.0068,437120104.0,True,True,False,27.5.6,0.0,,ZTF18abuzkke
ztf,60881.25471059978,3127254710415015007,2,3127254710415,20.663046,1,3127,0.22984298,13.720618,13.694249,13.7612,0.034837242,0.033993743,0.03400136,0.0021,292.6955989,-4.8754372,0.75,t17_f5_c3,0.99984306,13.7546,0.0021,437120204.0,True,True,False,27.5.6,0.0,,ZTF18abuzkke
ztf,60883.25546299992,3129255460415015016,2,3129255460415,19.705227,1,3129,0.19738391,13.732378,13.705726,13.75,0.024833463,0.024220359,0.024231281,0.003,292.6955975,-4.8754288,0.79285717,t17_f5_c3,0.9993681,13.7429,0.0034,437120204.0,True,True,False,27.5.6,0.0,,ZTF18abuzkke
ztf,60883.25546299992,3129255460415025016,2,3129255460415,19.7052,1,3129,0.197384,13.7324,13.705748,13.75,0.024833,0.024219893,0.024230817,0.003,292.6955975,-4.8754288,0.792857,t17_f5_c3,,13.7429,0.0034,,False,True,False,27.5.6,0.0,3.136363920415015e+18,ZTF18abuzkke
ztf,60883.25546299992,3129255460415035016,2,3129255460415,19.7052,1,3129,0.197384,13.7324,13.705748,13.75,0.024833,0.024219893,0.024230817,0.003,292.6955975,-4.8754288,0.792857,t17_f5_c3,,13.7429,0.0034,,False,True,False,27.5.6,0.0,3.156259170415015e+18,ZTF18abuzkke
ztf,60883.29680560017,3129296800415015008,1,3129296800415,20.600468,1,3129,0.20437422,15.694986,15.674305,15.7129,0.030491116,0.029910458,0.029915815,0.0063,292.6955883,-4.8754238,0.9071429,t17_f5_c3,0.9999603,15.7027,0.0071,437120104.0,True,True,False,27.5.6,0.0,,ZTF18abuzkke
ztf,60885.27833329979,3131278330415015005,1,3131278330415,20.786913,1,3131,0.21917197,15.684657,15.66417,15.7053,0.022929844,0.022494238,0.022501227,0.0059,292.6955959,-4.8754268,0.9057143,t17_f5_c3,0.99992704,15.6964,0.0065,437120104.0,True,True,False,27.5.6,0.0,,ZTF18abuzkke
ztf,60885.425740700215,3131425740415015006,2,3131425740415,20.346346,1,3131,0.18850598,13.727224,13.700697,13.7546,0.03966502,0.038700864,0.038707636,0.0022,292.6955887,-4.8754305,0.8157143,t17_f5_c3,0.99990463,13.749,0.0023,437120204.0,True,True,False,27.5.6,0.0,,ZTF18abuzkke
ztf,60888.25370369991,3134253700415015047,1,3134253700415,20.637465,1,3134,0.19380979,15.723276,15.702054,15.7392,0.024584921,0.024102055,0.024109049,0.0064,292.695595,-4.8754189,0.88,t17_f5_c3,0.99999166,15.7331,0.0072,437120104.0,True,True,False,27.5.6,0.0,,ZTF18abuzkke
ztf,60888.31024309993,3134310240415015005,2,3134310240415,20.788399,1,3134,0.18172048,13.745083,13.718121,13.774,0.028288353,0.027584706,0.027594518,0.002,292.695595,-4.8754257,0.7814286,t17_f5_c3,0.993778,13.7682,0.0021,437120204.0,True,True,False,27.5.6,0.0,,ZTF18abuzkke
ztf,60888.31024309993,3134310240415025005,2,3134310240415,20.7884,1,3134,0.18172,13.7451,13.718138,13.774,0.028288,0.02758435,0.027594162,0.002,292.695595,-4.8754257,0.781429,t17_f5_c3,,13.7682,0.0021,,False,True,False,27.5.6,0.0,3.164223340415015e+18,ZTF18abuzkke
ztf,60890.332592600025,3136332590415015001,1,3136332590415,20.334158,1,3136,0.25649482,15.70791,15.686983,15.7268,0.02631872,0.025809957,0.02581631,0.0068,292.6955884,-4.8754389,0.9285714,t17_f5_c3,0.9999999,15.7107,0.0077,437120104.0,True,True,False,27.5.6,0.0,,ZTF18abuzkke
ztf,60890.36392359994,3136363920415015008,2,3136363920415,20.254477,1,3136,0.2002935,13.716198,13.689935,13.7685,0.027844274,0.027169375,0.027178833,0.0022,292.6955866,-4.8754313,0.8042857,t17_f5_c3,0.9999697,13.7577,0.0023,437120204.0,True,True,False,27.5.6,0.0,,ZTF18abuzkke
ztf,60890.36392359994,3136363920415025008,2,3136363920415,20.2545,1,3136,0.200293,13.7162,13.689937,13.7685,0.027844,0.027169107,0.027178563,0.0022,292.6955866,-4.8754313,0.804286,t17_f5_c3,,13.7577,0.0023,,False,True,False,27.5.6,0.0,3.166295370415015e+18,ZTF18abuzkke
ztf,60892.279432899784,3138279430415015009,2,3138279430415,20.2915,1,3138,0.1501643,13.750083,13.722998,13.7766,0.03266256,0.031849254,0.03185783,0.0022,292.6955878,-4.8754172,0.75142854,t17_f5_c3,0.9998551,13.7704,0.0024,437120204.0,True,True,False,27.5.6,0.0,,ZTF18abuzkke
ztf,60892.279432899784,3138279430415025009,2,3138279430415,20.2915,1,3138,0.150164,13.7501,13.723015,13.7766,0.032663,0.03184967,0.031858247,0.0022,292.6955878,-4.8754172,0.751429,t17_f5_c3,,13.7704,0.0024,,False,True,False,27.5.6,0.0,3.168242810415015e+18,ZTF18abuzkke
ztf,60895.22332180012,3141223320415015002,2,3141223320415,18.96257,1,3141,0.18472296,13.767943,13.740415,13.8079,0.031647727,0.03084625,0.030855393,0.0043,292.6956031,-4.8754238,0.75,t17_f5_c3,0.99999857,13.8011,0.0052,437120204.0,True,True,False,27.5.6,0.0,,ZTF18abuzkke
ztf,60895.22332180012,3141223320415025002,2,3141223320415,18.9626,1,3141,0.184723,13.7679,13.740373,13.8079,0.031648,0.030846545,0.030855687,0.0043,292.6956031,-4.8754238,0.75,t17_f5_c3,,13.8011,0.0052,,False,True,False,27.5.6,0.0,3.170246750415015e+18,ZTF18abuzkke
ztf,60895.26608800003,3141266080415015002,1,3141266080415,18.756977,1,3141,0.20229416,15.749289,15.727557,15.7396,0.03644023,0.035713173,0.03571812,0.0246,292.695592,-4.8754227,0.9128571,t17_f5_c3,0.99999964,15.7112,0.0306,437120104.0,True,True,False,27.5.6,0.0,,ZTF18abuzkke
ztf,60897.20490740007,3143204900415015002,1,3143204900415,19.198095,1,3143,0.16504288,15.747804,15.726102,15.782,0.03557339,0.034864347,0.0348694,0.019,292.6955926,-4.8754154,0.91,t17_f5_c3,0.9999969,15.7772,0.0239,437120104.0,True,True,False,27.5.6,0.0,,ZTF18abuzkke
ztf,60897.23380789999,3143233800415015006,2,3143233800415,19.331045,1,3143,0.18126902,13.800452,13.772098,13.8215,0.03310736,0.032244664,0.032253936,0.0034,292.6955924,-4.8754235,0.76714283,t17_f5_c3,0.9999934,13.8169,0.004,437120204.0,True,True,False,27.5.6,0.0,,ZTF18abuzkke
ztf,60899.20535880001,3145205350415015004,1,3145205350415,19.664742,1,3145,0.21414603,15.807543,15.784626,15.823,0.025450848,0.02491141,0.024919288,0.0117,292.6955933,-4.8754257,0.93285716,t17_f5_c3,1.0,15.8369,0.0147,437120104.0,True,True,False,27.5.6,0.0,,ZTF18abuzkke
ztf,60899.25177079998,3145251770415015002,2,3145251770415,19.772808,1,3145,0.15672643,13.795842,13.767606,13.8187,0.030296996,0.029509194,0.029519241,0.0027,292.6955953,-4.8754168,0.7985714,t17_f5_c3,0.99999416,13.8128,0.003,437120204.0,True,True,False,27.5.6,0.0,,ZTF18abuzkke
ztf,60899.25177079998,3145251770415025002,2,3145251770415,19.7728,1,3145,0.156726,13.7958,13.767566,13.8187,0.030297,0.029509228,0.029519275,0.0027,292.6955953,-4.8754168,0.798571,t17_f5_c3,,13.8128,0.003,,False,True,False,27.5.6,0.0,3.174310620415015e+18,ZTF18abuzkke
ztf,60901.171145800035,3147171140415015010,2,3147171140415,20.392267,1,3147,0.15450066,13.803588,13.775152,13.8404,0.025681814,0.025005916,0.025017938,0.0023,292.6955966,-4.8754169,0.8257143,t17_f5_c3,0.9998309,13.8299,0.0024,437120204.0,True,True,False,27.5.6,0.0,,ZTF18abuzkke
ztf,60901.171145800035,3147171140415025010,2,3147171140415,20.3923,1,3147,0.154501,13.8036,13.775165,13.8404,0.025682,0.02500609,0.025018113,0.0023,292.6955966,-4.8754169,0.825714,t17_f5_c3,,13.8299,0.0024,,False,True,False,27.5.6,0.0,3.174310620415015e+18,ZTF18abuzkke
ztf,60901.25145829981,3147251450415015005,1,3147251450415,20.162436,1,3147,0.19629064,15.843299,15.819623,15.8636,0.029413726,0.028771998,0.028779274,0.0086,292.6955926,-4.8754217,0.93,t17_f5_c3,1.0,15.856,0.0103,437120104.0,True,True,False,27.5.6,0.0,,ZTF18abuzkke
ztf,60901.25145829981,3147251450415025005,1,3147251450415,20.1624,1,3147,0.196291,15.8433,15.819624,15.8636,0.029414,0.028772265,0.02877954,0.0086,292.6955926,-4.8754217,0.93,t17_f5_c3,,15.856,0.0103,,False,True,False,27.5.6,0.0,3.174310620415015e+18,ZTF18abuzkke
ztf,60903.21320600016,3149213200415015011,1,3149213200415,20.722366,1,3149,0.202718,15.883694,15.859131,15.9032,0.027850967,0.02721969,0.02722796,0.0069,292.6955947,-4.8754219,0.91,t17_f5_c3,0.9995614,15.8966,0.0078,437120104.0,True,True,False,27.5.6,0.0,,ZTF18abuzkke
ztf,60903.21320600016,3149213200415025011,1,3149213200415,20.7224,1,3149,0.202718,15.8837,15.859138,15.9032,0.027851,0.027219718,0.02722799,0.0069,292.6955947,-4.8754219,0.91,t17_f5_c3,,15.8966,0.0078,,False,True,False,27.5.6,0.0,3.178209910415015e+18,ZTF18abuzkke
ztf,60903.28123839991,3149281230415015006,2,3149281230415,20.573206,1,3149,0.18964729,13.876223,13.845847,13.8879,0.035260014,0.034277227,0.034287218,0.0022,292.6955919,-4.8754297,0.7757143,t17_f5_c3,0.99960405,13.8827,0.0023,437120204.0,True,True,False,27.5.6,0.0,,ZTF18abuzkke
ztf,60903.28123839991,3149281230415035006,2,3149281230415,20.5732,1,3149,0.189647,13.8762,13.845825,13.8879,0.03526,0.034277234,0.034287225,0.0022,292.6955919,-4.8754297,0.775714,t17_f5_c3,,13.8827,0.0023,,False,True,False,27.5.6,0.0,3.178209910415015e+18,ZTF18abuzkke
ztf,60908.231377299875,3154231370415015012,2,3154231370415,20.204775,1,3154,0.21784498,13.899732,13.868701,13.9523,0.02788163,0.027082847,0.027096035,0.0024,292.6955936,-4.8754347,0.80857146,t17_f5_c3,0.99993974,13.9421,0.0026,437120204.0,True,True,False,27.5.6,0.0,,ZTF18abuzkke
ztf,60908.29204860004,3154292040415015009,1,3154292040415,20.383698,1,3154,0.20411716,16.013462,15.98582,16.0401,0.0440572,0.04294308,0.0429497,0.0089,292.6955917,-4.8754238,0.9142857,t17_f5_c3,0.99999726,16.0349,0.0104,437120104.0,True,True,False,27.5.6,0.0,,ZTF18abuzkke
ztf,60910.23635420017,3156236350415015007,1,3156236350415,20.67427,1,3156,0.2071807,16.019497,15.991703,16.056,0.031632256,0.030823445,0.03083277,0.0084,292.6955881,-4.8754242,0.9128571,t17_f5_c3,0.9998902,16.0499,0.0096,437120104.0,True,True,False,27.5.6,0.0,,ZTF18abuzkke
ztf,60910.259178199805,3156259170415015010,2,3156259170415,20.485134,1,3156,0.19016176,13.945873,13.913515,13.9907,0.03014641,0.029247947,0.02926121,0.0025,292.6955883,-4.875429,0.7657143,t17_f5_c3,0.99904454,13.9843,0.0026,437120204.0,True,True,False,27.5.6,0.0,,ZTF18abuzkke
ztf,60913.347696799785,3159347690415015010,2,3159347690415,20.061337,1,3159,0.2171373,14.042844,14.007511,14.0618,0.03063189,0.029635532,0.029651094,0.0029,292.6955708,-4.8754345,0.8257143,t17_f5_c3,0.99994886,14.0603,0.0032,437120204.0,True,True,False,27.5.6,0.0,,ZTF18abuzkke
ztf,60916.20402779989,3162204020415015007,1,3162204020415,20.43284,1,3162,0.23852895,16.291733,16.256147,16.3124,0.028670114,0.027728787,0.027745655,0.0103,292.6955993,-4.8754325,0.9285714,t17_f5_c3,0.99999976,16.3067,0.0123,437120104.0,True,True,False,27.5.6,0.0,,ZTF18abuzkke
ztf,60916.20402779989,3162204020415025007,1,3162204020415,20.4328,1,3162,0.238529,16.2917,16.256115,16.3124,0.02867,0.027728703,0.027745571,0.0103,292.6955993,-4.8754325,0.928571,t17_f5_c3,,16.3067,0.0123,,False,True,False,27.5.6,0.0,3.189208570415015e+18,ZTF18abuzkke
ztf,60916.308229200076,3162308220415015008,2,3162308220415,20.218578,1,3162,0.21237113,14.131575,14.093286,14.1458,0.0239292,0.02307663,0.023100032,0.0028,292.6955947,-4.8754342,0.82857144,t17_f5_c3,0.9999547,14.1421,0.003,437120204.0,True,True,False,27.5.6,0.0,,ZTF18abuzkke
ztf,60918.18005790003,3164180050415015004,1,3164180050415,20.348576,1,3164,0.17898312,16.322475,16.285885,16.3535,0.038178008,0.036899395,0.036912788,0.0118,292.6955967,-4.875416,0.9285714,t17_f5_c3,1.0,16.3498,0.0143,437120104.0,True,True,False,27.5.6,0.0,,ZTF18abuzkke
ztf,60918.22334490018,3164223340415015007,2,3164223340415,20.187967,1,3164,0.19088194,14.113777,14.0761,14.1899,0.036141165,0.03489351,0.034908507,0.0028,292.69558,-4.8754285,0.8157143,t17_f5_c3,0.9999934,14.1823,0.0031,437120204.0,True,True,False,27.5.6,0.0,,ZTF18abuzkke
ztf,60920.17043979978,3166170430415015010,2,3166170430415,20.078333,1,3166,0.17802924,14.186119,14.145893,14.2247,0.03766492,0.036278598,0.036295,0.0032,292.695597,-4.8754238,0.79714286,t17_f5_c3,0.997963,14.2181,0.0035,437120204.0,True,True,False,27.5.6,0.0,,ZTF18abuzkke
ztf,60920.17043979978,3166170430415025010,2,3166170430415,20.0783,1,3166,0.178029,14.1861,14.145875,14.2247,0.037665,0.036278695,0.0362951,0.0032,292.695597,-4.8754238,0.797143,t17_f5_c3,,14.2181,0.0035,,False,True,False,27.5.6,0.0,3.194233770415015e+18,ZTF18abuzkke
ztf,60920.29537039995,3166295370415015078,1,3166295370415,19.571749,1,3166,0.17046164,16.439342,16.39867,16.4543,0.036187258,0.034839276,0.034856733,0.0202,292.6955881,-4.875414,0.78,t17_f5_c3,1.0,16.4804,0.026,437120104.0,True,True,False,27.5.6,0.0,,ZTF18abuzkke
ztf,60922.227013899945,3168227010415015003,1,3168227010415,19.287806,1,3168,0.1741274,16.507343,16.464094,16.5063,0.046976108,0.04512642,0.045141622,0.031,292.6955863,-4.8754158,0.92,t17_f5_c3,0.99999994,16.4939,0.039,437120104.0,True,True,False,27.5.6,0.0,,ZTF18abuzkke
ztf,60922.24281249987,3168242810415015005,2,3168242810415,19.439112,1,3168,0.13285127,14.274418,14.230852,14.3043,0.039783362,0.038200404,0.03821862,0.0047,292.6955868,-4.8754126,0.74714285,t17_f5_c3,0.99998033,14.2973,0.0056,437120204.0,True,True,False,27.5.6,0.0,,ZTF18abuzkke
ztf,60924.20458329981,3170204580415015007,2,3170204580415,19.504242,1,3170,0.17697124,14.313236,14.268117,14.3472,0.035531495,0.034063306,0.034085188,0.0045,292.6955957,-4.8754238,0.7757143,t17_f5_c3,0.99999833,14.3434,0.0054,437120204.0,True,True,False,27.5.6,0.0,,ZTF18abuzkke
ztf,60924.24675930012,3170246750415015003,1,3170246750415,19.101915,1,3170,0.23455751,16.603626,16.556452,16.5904,0.039483495,0.03778318,0.037804708,0.0355,292.6955949,-4.8754303,0.9,t17_f5_c3,1.0,16.6146,0.0463,437120104.0,True,True,False,27.5.6,0.0,,ZTF18abuzkke
ztf,60926.14956020005,3172149560415015013,1,3172149560415,19.453077,1,3172,0.18765767,16.64179,16.592966,16.7215,0.03311621,0.031632494,0.03165999,0.0327,292.695592,-4.8754181,0.94142854,t17_f5_c3,1.0,16.6915,0.0404,437120104.0,True,True,False,27.5.6,0.0,,ZTF18abuzkke
ztf,60926.18891200004,3172188910415015007,2,3172188910415,19.82721,1,3172,0.18385468,14.351996,14.305272,14.3799,0.031657297,0.030297488,0.030323828,0.0039,292.69559,-4.8754257,0.78,t17_f5_c3,0.9999949,14.3751,0.0045,437120204.0,True,True,False,27.5.6,0.0,,ZTF18abuzkke
ztf,60928.179560199846,3174179560415015008,1,3174179560415,19.696991,1,3174,0.21848679,16.713346,16.661274,16.7326,0.031344343,0.029843489,0.029876538,0.0234,292.6955745,-4.8754277,0.92714286,t17_f5_c3,1.0,16.7127,0.0289,437120104.0,True,True,False,27.5.6,0.0,,ZTF18abuzkke
ztf,60928.310624999925,3174310620415015008,2,3174310620415,19.509762,1,3174,0.23829336,14.445091,14.39428,14.4526,0.037089158,0.03536683,0.035393417,0.0045,292.6955899,-4.8754412,0.8042857,t17_f5_c3,0.99999976,14.449,0.0053,437120204.0,True,True,False,27.5.6,0.0,,ZTF18abuzkke
ztf,60928.310624999925,3174310620415025008,2,3174310620415,19.5098,1,3174,0.238293,14.4451,14.394288,14.4526,0.037089,0.03536667,0.035393257,0.0045,292.6955899,-4.8754412,0.804286,t17_f5_c3,,14.449,0.0053,,False,True,False,27.5.6,0.0,3.201191310415015e+18,ZTF18abuzkke
ztf,60932.170011600014,3178170010415015006,1,3178170010415,20.557167,1,3178,0.19847064,16.91538,16.852959,16.9499,0.031044906,0.029262444,0.029310407,0.0162,292.6955944,-4.875422,0.94142854,t17_f5_c3,0.99999976,16.9457,0.0195,437120104.0,True,True,False,27.5.6,0.0,,ZTF18abuzkke
ztf,60932.209919000044,3178209910415015014,2,3178209910415,20.652287,1,3178,0.18838862,14.522882,14.46839,14.5753,0.03527451,0.03351565,0.033547807,0.0033,292.695592,-4.8754276,0.83285713,t17_f5_c3,0.9998015,14.5704,0.0035,437120204.0,True,True,False,27.5.6,0.0,,ZTF18abuzkke
ztf,60934.15016200021,3180150160415015010,1,3180150160415,20.713911,1,3180,0.20751199,17.012304,16.944233,17.0645,0.033592965,0.031498786,0.031551503,0.0167,292.6955891,-4.875425,0.93285716,t17_f5_c3,0.9999993,17.0798,0.0205,437120104.0,True,True,False,27.5.6,0.0,,ZTF18abuzkke
ztf,60938.149155099876,3184149150415015018,2,3184149150415,20.483519,1,3184,0.14971593,14.730864,14.665208,14.7707,0.03359943,0.031578816,0.031627845,0.0038,292.6955882,-4.8754188,0.8457143,t17_f5_c3,0.9999906,14.7659,0.0042,437120204.0,True,True,False,27.5.6,0.0,,ZTF18abuzkke
ztf,60938.149155099876,3184149150415025018,2,3184149150415,20.4835,1,3184,0.149716,14.7309,14.665242,14.7707,0.033599,0.031578347,0.03162738,0.0038,292.6955882,-4.8754188,0.845714,t17_f5_c3,,14.7659,0.0042,,False,True,False,27.5.6,0.0,3.213166440415015e+18,ZTF18abuzkke
ztf,60938.26270829979,3184262700415015010,1,3184262700415,20.17944,1,3184,0.20247264,17.204367,17.123602,17.2217,0.04187661,0.038815066,0.0388746,0.0264,292.6955787,-4.875423,0.9771429,t17_f5_c3,1.0,17.2197,0.0329,437120104.0,True,True,False,27.5.6,0.0,,ZTF18abuzkke
ztf,60941.18990739994,3187189900415015012,2,3187189900415,20.373217,1,3187,0.217679,14.844415,14.771758,14.8762,0.024865702,0.023174938,0.023256153,0.0042,292.6955807,-4.8754353,0.85571426,t17_f5_c3,0.9999908,14.8677,0.0047,437120204.0,True,True,False,27.5.6,0.0,,ZTF18abuzkke
ztf,60943.176145799924,3189176140415015011,1,3189176140415,20.354713,1,3189,0.1643409,17.457918,17.35687,17.5212,0.05848858,0.053224057,0.053290788,0.0296,292.6955861,-4.8754125,0.9457143,t17_f5_c3,1.0,17.5213,0.037,437120104.0,True,True,False,27.5.6,0.0,,ZTF18abuzkke
ztf,60943.20857639983,3189208570415015012,2,3189208570415,20.451385,1,3189,0.18299983,14.859469,14.785831,14.9282,0.04348535,0.04058619,0.040633835,0.0043,292.6955822,-4.8754244,0.79714286,t17_f5_c3,0.99998844,14.9251,0.0047,437120204.0,True,True,False,27.5.6,0.0,,ZTF18abuzkke
ztf,60948.19342589984,3194193420415015011,2,3194193420415,20.168488,1,3194,0.21199563,15.068274,14.979642,15.1053,0.029637787,0.027213076,0.0273145,0.0054,292.6955913,-4.8754346,0.8371429,t17_f5_c3,1.0,15.1027,0.0063,437120204.0,True,True,False,27.5.6,0.0,,ZTF18abuzkke
ztf,60948.23377310019,3194233770415015003,1,3194233770415,19.935143,1,3194,0.2575449,17.645123,17.526068,17.6927,0.050345015,0.04500873,0.045116436,0.0487,292.6955785,-4.8754377,0.95428574,t17_f5_c3,1.0,17.6767,0.0608,437120104.0,True,True,False,27.5.6,0.0,,ZTF18abuzkke
ztf,60950.189444399904,3196189440415015006,2,3196189440415,19.945337,1,3196,0.19309904,15.160826,15.064648,15.1874,0.03784073,0.034539342,0.034632847,0.0066,292.6955889,-4.8754302,0.8371429,t17_f5_c3,0.99999744,15.1922,0.0079,437120204.0,True,True,False,27.5.6,0.0,,ZTF18abuzkke
ztf,60950.21112270001,3196211120415015003,1,3196211120415,19.622065,1,3196,0.26055604,17.745338,17.615435,17.7663,0.05109826,0.04520978,0.045336172,0.0699,292.6955898,-4.8754393,0.95714283,t17_f5_c3,1.0,17.7704,0.0896,437120104.0,True,True,False,27.5.6,0.0,,ZTF18abuzkke
ztf,60953.17025459977,3199170250415015007,2,3199170250415,19.696196,1,3199,0.15148024,15.2517,15.147516,15.283,0.03469375,0.03139963,0.03151938,0.0082,292.6955895,-4.8754176,0.87857145,t17_f5_c3,0.9999999,15.2887,0.01,437120204.0,True,True,False,27.5.6,0.0,,ZTF18abuzkke
ztf,60953.23171300022,3199231710415015004,1,3199231710415,18.98202,1,3199,0.12798141,17.925804,17.773985,17.8564,0.07500201,0.06509702,0.06521463,0.1119,292.6955802,-4.8754007,0.9285714,t17_f5_c3,1.0,17.872,0.1453,437120104.0,True,True,False,27.5.6,0.0,,ZTF18abuzkke
ztf,60955.19131939998,3201191310415015002,1,3201191310415,19.01142,1,3201,0.2859039,18.013987,17.850245,18.1186,0.096685745,0.08304456,0.083150685,0.1565,292.6955622,-4.875444,0.93857145,t17_f5_c3,1.0,18.3407,0.2464,437120104.0,True,True,False,27.5.6,0.0,,ZTF18abuzkke
ztf,60960.17451390019,3206174510415015008,2,3206174510415,20.202045,1,3206,0.19714883,15.500527,15.371053,15.5644,0.037547983,0.033155985,0.033327054,0.0073,292.6955862,-4.8754308,0.89,t17_f5_c3,0.99999905,15.5595,0.0086,437120204.0,True,True,False,27.5.6,0.0,,ZTF18abuzkke
ztf,60960.237094900105,3206237090415015003,1,3206237090415,19.416124,1,3206,0.23062603,18.307632,18.097685,18.4358,0.09625041,0.07915189,0.07932745,0.135,292.6955733,-4.8754286,0.93285716,t17_f5_c3,0.9999999,18.2906,0.1512,437120104.0,True,True,False,27.5.6,0.0,,ZTF18abuzkke
ztf,60965.14115739986,3211141150415015007,2,3211141150415,19.927258,1,3211,0.2346218,15.733974,15.57561,15.7899,0.03818639,0.032751612,0.033003725,0.0093,292.6955793,-4.8754425,0.88857144,t17_f5_c3,0.9999998,15.7702,0.0111,437120204.0,True,True,False,27.5.6,0.0,,ZTF18abuzkke
ztf,60967.128287000116,3213128280415015010,2,3213128280415,19.856308,1,3213,0.23573738,15.80525,15.636933,15.8572,0.029885296,0.02522837,0.025593577,0.0097,292.695603,-4.8754391,0.8371429,t17_f5_c3,1.0,15.8458,0.0116,437120204.0,True,True,False,27.5.6,0.0,,ZTF18abuzkke
ztf,60967.16644679988,3213166440415015004,1,3213166440415,19.981945,1,3213,0.24318656,18.717241,18.423155,18.8896,0.07856289,0.059497163,0.05992148,0.1261,292.6955517,-4.8754239,0.94285715,t17_f5_c3,1.0,18.9531,0.1704,437120104.0,True,True,False,27.5.6,0.0,,ZTF18abuzkke
ztf,60969.10589119978,3215105890415015006,2,3215105890415,20.414274,1,3215,0.21683814,15.854122,15.678651,15.9201,0.04562187,0.03855459,0.03881365,0.0087,292.6955985,-4.8754339,0.8585714,t17_f5_c3,0.99997365,15.9158,0.0103,437120204.0,True,True,False,27.5.7a32.dev1,0.0,,ZTF18abuzkke
ztf,60969.20061339997,3215200610415015007,1,3215200610415,19.796745,1,3215,0.35578284,18.832842,18.510191,18.9173,0.09246014,0.068255715,0.06869007,0.1562,292.695561,-4.8754608,0.9357143,t17_f5_c3,1.0,18.8828,0.1933,437120104.0,True,True,False,27.5.7a32.dev1,0.0,,ZTF18abuzkke
ztf,60972.108969899826,3218108960415015009,1,3218108960415,20.16699,1,3218,0.20777363,19.109922,18.709013,19.3568,0.092762314,0.063449584,0.06412209,0.1713,292.6955994,-4.8754238,0.9128571,t17_f5_c3,0.99999994,19.6136,0.2763,437120104.0,True,True,False,27.5.7a32.dev1,0.0,,ZTF18abuzkke
ztf,60972.14892360009,3218148920415015004,2,3218148920415,19.906715,1,3218,0.26195392,16.050398,15.8432865,16.0604,0.038741652,0.03158675,0.032013543,0.0122,292.69556,-4.8754423,0.9042857,t17_f5_c3,0.9999999,16.0591,0.015,437120204.0,True,True,False,27.5.7a32.dev1,0.0,,ZTF18abuzkke
ztf,60974.101458299905,3220101450415015004,2,3220101450415,20.14529,1,3220,0.18417336,16.104029,15.887412,16.1289,0.035757832,0.028783355,0.029290337,0.0114,292.6955951,-4.8754242,0.9071429,t17_f5_c3,1.0,16.1156,0.0136,437120204.0,True,True,False,27.5.7a32.dev1,0.0,,ZTF18abuzkke
ztf,60974.16526619997,3220165260415015016,1,3220165260415,19.89212,1,3220,0.35337552,19.280863,18.824247,19.5268,0.14301777,0.09335047,0.09391694,0.2248,292.6955137,-4.8754294,0.88,t17_f5_c3,1.0,19.7631,0.3569,437120104.0,True,True,False,27.5.7a32.dev1,0.0,,ZTF18abuzkke
ztf,60976.14811340021,3222148110415015004,1,3222148110415,19.455801,1,3222,0.6517615,19.17986,18.756872,19.2801,0.19175307,0.12952033,0.12988155,0.2094,292.6954712,-4.875506,0.73714286,t17_f5_c3,0.9999975,19.8293,0.444,437120104.0,True,True,False,27.5.7a32.dev1,0.0,,ZTF18abuzkke
ztf,60978.14671299979,3224146710415015004,2,3224146710415,19.7749,1,3224,0.19879514,16.295427,16.0416,16.3108,0.043913368,0.034191567,0.034758832,0.0177,292.6955734,-4.8754302,0.88,t17_f5_c3,0.9999999,16.2858,0.0217,437120204.0,True,True,False,27.5.7a32.dev1,0.0,,ZTF18abuzkke
ztf,60980.10570599977,3226105700415015005,2,3226105700415,19.604622,1,3226,0.18818337,16.392433,16.117655,16.3719,0.032674786,0.024465984,0.025368871,0.0188,292.6955732,-4.8754271,0.9014286,t17_f5_c3,1.0,16.3794,0.0237,437120204.0,True,True,False,27.5.7a32.dev1,0.0,,ZTF18abuzkke
ztf,60982.09572920017,3228095720415015002,2,3228095720415,17.216248,1,3228,0.32141933,16.415508,16.135527,16.3954,0.09595928,0.073832914,0.07414716,0.1851,292.6955608,-4.8754636,0.8057143,t17_f5_c3,0.9999995,16.5458,0.273,437120204.0,True,True,False,27.5.7a32.dev1,0.0,,ZTF18abuzkke
ztf,60986.148564800154,3232148560415015008,2,3232148560415,19.373903,1,3232,0.2895992,16.660435,16.31973,16.6289,0.0447416,0.03167685,0.03269113,0.0305,292.6955655,-4.8754546,0.8742857,t17_f5_c3,1.0,16.6254,0.0386,437120204.0,True,True,False,27.5.7a32.dev1,0.0,,ZTF18abuzkke
ztf,60988.07748840004,3234077480415015008,2,3234077480415,19.859283,1,3234,0.19594625,16.757273,16.389626,16.7227,0.046745773,0.03218469,0.03331835,0.0233,292.69559,-4.8754301,0.8657143,t17_f5_c3,1.0,16.722,0.0291,437120204.0,True,True,False,27.5.7a32.dev1,0.0,,ZTF18abuzkke
ztf,60990.076874999795,3236076870415015007,2,3236076870415,19.397789,1,3236,0.22093655,16.835909,16.445086,16.8368,0.038473472,0.025264677,0.026843047,0.0318,292.6955948,-4.8754357,0.9071429,t17_f5_c3,1.0,16.8343,0.0401,437120204.0,True,True,False,27.5.7a32.dev1,0.0,,ZTF18abuzkke
ztf,61078.57403940009,3324574030415015020,2,3324574030415,17.544127,1,3324,0.33351237,15.925214,15.738833,16.0368,0.04849527,0.040570732,0.040845774,0.0536,292.6956218,-4.8754615,0.5485714,t17_f5_c3,0.9991945,16.0734,0.0711,437120204.0,True,True,False,27.5.7a32.dev1,0.0,,ZTF18abuzkke
ztf,61078.574513900094,3324574510415015014,2,3324574510415,17.696453,1,3324,0.39522037,15.950226,15.759861,16.0082,0.034710225,0.02872572,0.029128065,0.0549,292.6956325,-4.8754758,0.5714286,t17_f5_c3,1.0,16.016,0.0708,437120204.0,True,True,False,27.5.7a32.dev1,0.0,,ZTF18abuzkke
ztf,61078.57593750022,3324575930415015022,2,3324575930415,17.495417,1,3324,0.30078426,15.990009,15.793148,16.0402,0.041084647,0.033908643,0.03427164,0.0688,292.6956609,-4.8754123,0.57285714,t17_f5_c3,0.9999995,16.0352,0.0879,437120204.0,True,True,False,27.5.7a32.dev1,0.0,,ZTF18abuzkke
ztf,61079.571261600126,3325571260415015006,2,3325571260415,17.962189,1,3325,0.45157102,15.990602,15.793642,16.017,0.02882626,0.023523092,0.024043867,0.0424,292.6956767,-4.8754634,0.61714286,t17_f5_c3,0.99999964,15.9958,0.0533,437120204.0,True,True,False,27.5.7a32.dev1,0.0,,ZTF18abuzkke
ztf,61079.57173610013,3325571730415015014,2,3325571730415,17.826784,1,3325,0.3924574,15.919446,15.7339735,15.9327,0.034600433,0.028784076,0.029167041,0.0425,292.6956471,-4.8754667,0.5342857,t17_f5_c3,0.99997747,15.9113,0.0534,437120204.0,True,True,False,27.5.7a32.dev1,0.0,,ZTF18abuzkke
ztf,61079.576180600096,3325576180415015025,2,3325576180415,17.175646,1,3325,0.40717283,15.903104,15.7201805,15.7923,0.040085338,0.03354917,0.033870094,0.0755,292.6956258,-4.8754822,0.5914286,t17_f5_c3,0.9999999,15.7431,0.0927,437120204.0,True,True,False,27.5.7a32.dev1,0.0,,ZTF18abuzkke
ztf,61085.56187500013,3331561870415015004,2,3331561870415,19.030008,1,3331,0.33463722,15.737224,15.578418,15.7215,0.040525768,0.03477257,0.035011362,0.0177,292.6956463,-4.8754472,0.87142855,t17_f5_c3,0.9999999,15.7197,0.0223,437120204.0,True,True,False,27.5.7a32.dev1,0.0,,ZTF18abuzkke
ztf,61085.56590279983,3331565900415015002,2,3331565900415,18.582684,1,3331,0.28903133,15.762776,15.600458,15.7344,0.028168209,0.023896314,0.024256714,0.0266,292.6956129,-4.8754515,0.88,t17_f5_c3,0.9999999,15.7015,0.033,437120204.0,True,True,False,27.5.7a32.dev1,0.0,,ZTF18abuzkke
ztf,61114.532326399814,3360532320415015008,2,3360532320415,19.70561,1,3360,0.28997564,14.328192,14.282459,14.379,0.032184098,0.030831806,0.030856626,0.0035,292.695613,-4.8754517,0.7442857,t17_f5_c3,0.9999409,14.367,0.0039,437120204.0,True,True,False,27.5.7a32.dev1,0.0,,ZTF18abuzkke
ztf,61115.53187499987,3361531870415015007,2,3361531870415,19.571606,1,3361,0.22672263,14.291479,14.247237,14.3161,0.021211209,0.020328991,0.020364253,0.0036,292.6955972,-4.8754378,0.7657143,t17_f5_c3,0.9999958,14.3062,0.004,437120204.0,True,True,False,27.5.7a32.dev1,0.0,,ZTF18abuzkke
ztf,61118.52751159994,3364527510415015003,2,3364527510415,20.12809,1,3364,0.19822489,14.099483,14.06229,14.1371,0.02716974,0.026235336,0.02625478,0.0028,292.6956038,-4.8754306,0.8057143,t17_f5_c3,0.9999989,14.1298,0.0031,437120204.0,True,True,False,27.5.7a32.dev1,0.0,,ZTF18abuzkke
